84
480700
2042875
0
1028025020
4
12033222880
18564
0
0
0
7669339132
630
0
1
38567100
165
7726160
1
2741188875414
0
1716
231
6
98672425440
1
48620
1
735471
153
2760681
10
10
3003
4679675
187803
0
0
820
220
127008960
6426
0
15380937
31824
23751
0
8008
141120525
10
65633305
482320621440
165
12341
0
65654
231
646646
20349
5
5245786
125970
1
0
1144066
6
1391975640
55
1101716330
91
57255
38608020
0
0
5586853480
30888
0
0
4368
548354040
20058300
21
0
15338678264
0
0
126
120
11403
70
8436
0
50380
563919795
1
14833895837436
1
27384173500128
37442160
0
64512240
23121
92378
210
652736894040
27
84667464
715
376740
686353797652
3169869714396
0
2496144
37620961495
1
924
1
2741188875414
4568648125690
48903492
278256
1
0
1
9
1
35960
126
5852925
1144052
9669554100
15
45
3003
136
1
735
352716
685
0
0
15
140676576495
0
1503232609098
17296
1
0
1
1
65780
141120525
19
894456111481
0
2
1
0
495
0
22354488
45
29
0
4
0
0
11440
38908980045
1
10146363318
286097760
0
27405
29131550994
1623160
66045
0
10660
0
28
1
0
1
3
0
9762479679106
12650
8436285
92378
15334857174
1677106640
4059928950
1
1
1
5
1558665
745
27
1
0
3
854992152
41
917
15470418336
15
4
7140
67861314
33
0
1
84
53130
190
78378960360
8532
3268760
4537567650
685656335
29135916264
1203317920
1
23535820
32211
1140
15504
5
1
1771
1015
131128140
170544
0
2629575
0
0
2818953098830
352716
26334
5567902560
17620076360
0
0
1001
364
6107086800
1330
0
0
728
262563411
5456
2277
1140
54627300
0
36
0
2002
16
1
0
265182525
1
1221759
1077120
66
6
657800
1408831480056
0
41
0
0
15504
0
55
0
17620068520
834451800
1
40173044896
0
6188
140396032245
52860229080
12650
10
0
260816985
225792840
1
9762479674255
148953
7
0
23535820
5752004349
1
0
0
0
446775310800
0
630
1540
142506
2300
715
4059928950
1184040
7309837001104
51021117810
646646
1
19
210
1
560
15
15504
4496388
1
48620
31824
1251677700
2054455534
1
0
216
13037878
1
1820
1
8027188
351
124403620
4686464
8855
3773655750150
0
1203322288
472733756
0
14190
0
0
1060
9014565
953
11541847046400
376992
65780
850668
1
573166440
3003
1
28048800
1391975640
1025024
1
1820
208
2029464
6426
70
1
480700
39049918716424
0
1
320
66
5097807
0
13884156
0
85900584
237336
0
345891702456
56
3365856
1
41
10518300
0
14307150
5983570
0
140676848445
11440
40116375
1
8122425444
818634780
0
5
2002
275349088
1650792
0
816
3247943160
1
1
1
0
286
0
77558760
85900584
1
0
0
1
715
680225
3876
1
446775310800
35960
39
708930508
56
50388
882
413107277544
0
1
3276
42504
3003
0
75582
20349
513791607420
11
30
1716
708930508
15
5178066751
4221
150305
847660528
46376
35240152495
2741188875090
11628
0
651464
6545
1106
5
623160670
376740
40225345056
1
10
38567100
7140
202112640239
3003
294624
15905368386
406
17620076331
666
178190
3796287000
8233241398200
4059928950
4
8350
0
37489616775
18
210
19448
0
990
0
0
9
95548245
25
211915132
1081575
495
0
0
1307494
24
153
0
1915302467
421171648758
0
1
0
0
0
807885
456
0
301472850
0
7726160
1
183579396
1
43
30248757
0
0
0
364
8597496600
35
0
1328418
24068
0
0
696
1
7
344964
0
73815
22
0
15353481
2253695227092
1
4272048
62847933981
126
792
0
45
0
0
0
5
603875095429
35
1
286
0
3496735425
1
30957699535776
27
33649
965745
8347680
35
18424
4
325
4457400
1
151532656696
0
1
22239974430
1221718
64512240
0
126
0
27132
93600
0
1
1820
7
1
1370754
1103068129878
1667
1
2994
7205
1
8436
21
2496144
254175845
4
1
21
177100
675248872536
530754
1
145422675
0
28
991493848554
20
351
20058300
319770
646646
2035800
1716
1
0
4154246671960
1
6435
66
0
2
80730
3003
231
5200300
462
52328
1
455
1
5328
13340783184
3
43
65780
245157
0
4116715363800
1457058900
49699896548176
635745396
7307872110
22
70
518301
34597290
43758
1344904
135751
120
18156204
74613
1
1391975640
1533939
5005
1
12033222880
94143280
1
1
675248872311
13340783196
35
231
11622
1
63205303218876
