128
10 13
9 3
1
3 2
1 4
1 1
10
1 1
1 1
1 2
1 4
1 4
1 1
1 1
1 1
1 4
1 1
19 11
5 8
6
17 7
6 6
12 2
15 5
14 4
3 1
3 9
3 1
9
1 4
1 7
3 5
3 1
2 8
1 3
3 5
3 7
3 6
1 2
1 1
10
1 1
1 1
1 2
1 1
1 1
1 2
1 2
1 2
1 2
1 2
2 2
2 2
7
2 1
2 1
1 2
1 2
2 1
2 2
2 1
20 20
15 15
9
20 2
8 15
18 5
6 19
17 19
17 3
13 19
2 7
3 12
6 1
2 1
4
5 1
2 1
6 1
3 1
15 20
2 14
7
7 17
10 2
12 8
3 3
15 9
15 20
7 4
12 17
11 2
9
10 11
11 17
5 1
6 17
6 2
8 5
7 3
8 5
2 7
19 8
16 8
4
1 1
5 7
16 4
7 6
10 7
2 3
8
9 1
6 3
1 1
1 2
2 3
9 4
7 6
2 6
14 14
12 12
7
3 13
12 6
2 1
6 14
3 4
4 14
3 5
20 4
14 4
3
20 3
13 2
1 2
5 11
2 10
4
2 1
5 5
3 4
1 10
11 15
4 1
2
9 4
3 9
10 13
2 10
5
1 11
1 9
8 5
9 7
9 2
5 11
5 7
5
2 6
3 7
5 8
1 10
3 2
1 9
1 5
10
1 5
1 6
1 8
1 3
1 3
1 4
1 3
1 2
1 3
1 3
13 18
4 1
5
5 16
13 6
13 16
2 15
3 11
14 19
14 15
6
3 10
7 5
8 12
1 15
11 14
3 17
12 13
6 12
7
7 7
2 11
6 10
5 10
5 13
3 6
4 8
15 6
6 1
3
7 3
12 3
13 6
6 8
3 1
7
4 8
5 5
3 7
4 4
4 3
1 2
3 8
12 14
12 13
6
11 12
12 9
9 4
2 2
12 12
10 12
15 7
13 7
10
12 3
8 1
13 7
7 2
7 5
15 7
15 3
14 6
2 5
14 5
10 20
1 1
7
7 18
10 20
9 11
3 3
1 19
6 11
7 2
15 3
10 2
9
9 2
12 2
3 2
14 3
6 1
10 3
8 1
10 1
9 1
12 2
1 2
7
6 2
10 1
11 2
8 2
8 2
7 2
3 1
11 11
4 1
10
2 4
1 4
9 9
7 1
10 11
11 4
2 4
2 2
2 1
4 3
8 2
6 2
6
8 1
8 2
8 2
3 2
4 2
7 2
20 9
18 7
9
3 1
13 5
12 5
14 1
19 7
2 8
20 7
7 8
5 2
9 7
4 1
10
3 2
3 2
4 3
6 6
9 3
6 1
8 7
5 5
8 5
3 6
7 20
2 5
9
5 3
6 5
7 19
2 4
1 13
2 11
5 3
4 15
7 11
11 4
8 1
9
9 2
5 2
2 4
1 4
7 3
4 2
8 3
2 4
7 1
9 7
6 1
3
8 3
7 3
9 1
4 8
2 4
9
4 2
1 6
4 5
3 5
4 8
4 3
4 2
3 8
2 2
12 10
8 2
3
4 3
6 1
7 5
6 16
3 13
6
1 5
5 13
2 3
4 4
4 7
4 9
4 18
3 15
6
3 8
4 12
3 6
4 18
3 3
1 8
11 12
11 3
1
6 9
12 13
10 5
7
12 9
12 4
11 4
8 1
7 8
10 9
1 6
18 10
4 9
5
12 5
3 8
16 6
5 2
16 6
16 19
11 19
8
13 2
16 19
10 10
8 7
11 6
1 11
2 18
9 8
6 12
3 4
10
2 12
1 1
3 5
1 12
4 7
2 11
5 7
5 8
3 5
1 12
2 8
2 3
1
2 7
11 13
11 6
1
2 13
16 3
11 3
10
5 3
8 1
15 2
11 3
13 1
2 3
9 2
16 3
6 2
15 1
2 9
1 3
4
1 3
1 4
1 1
1 1
11 6
2 6
10
4 2
10 2
8 5
10 4
9 2
8 2
2 4
5 6
3 2
9 1
4 17
3 9
4
1 17
2 15
3 9
1 2
2 10
2 6
6
1 5
2 3
2 6
2 1
2 10
2 9
7 3
2 3
3
7 2
1 2
1 3
17 18
13 9
10
8 15
11 8
9 7
3 15
4 15
8 7
5 16
12 14
3 4
8 7
8 1
1 1
5
7 1
2 1
5 1
4 1
3 1
12 8
8 2
5
10 7
6 6
7 1
10 3
7 4
15 11
11 9
1
4 11
19 1
10 1
9
18 1
7 1
12 1
19 1
14 1
10 1
14 1
6 1
11 1
8 12
6 2
10
1 6
8 9
5 6
6 2
7 4
6 4
1 8
2 9
3 2
7 10
9 2
2 2
3
2 1
9 1
1 2
19 7
18 6
6
11 2
17 7
17 7
10 7
8 4
15 1
11 4
1 4
9
4 3
6 3
5 1
1 1
10 1
3 4
8 1
8 4
3 4
8 12
8 5
3
7 11
6 10
2 6
13 14
2 9
8
11 4
11 3
8 12
1 3
7 4
2 6
6 3
13 7
18 15
12 5
9
15 13
10 5
7 2
11 10
4 14
1 12
14 11
14 5
9 12
14 18
6 12
9
9 9
1 6
10 15
10 14
6 4
7 6
2 17
11 5
5 2
16 4
4 1
4
2 4
13 4
16 3
3 4
7 4
5 3
4
1 4
6 2
1 3
1 4
15 2
15 1
7
4 2
9 2
15 1
6 2
2 1
14 2
8 1
10 2
9 2
10
5 1
7 2
1 2
1 1
9 2
4 1
6 1
3 1
5 1
9 2
13 20
7 18
10
13 8
3 20
8 2
8 18
7 19
2 10
5 7
1 5
3 2
6 19
10 1
5 1
6
10 1
5 1
2 1
6 1
3 1
8 1
10 15
7 15
9
3 4
3 3
10 15
8 4
5 14
6 1
5 12
1 1
5 13
20 19
11 7
1
3 10
19 14
18 5
8
5 8
6 3
14 10
12 12
2 5
10 6
17 9
3 13
12 7
1 6
6
5 1
6 1
6 5
8 5
4 4
12 1
8 14
7 9
3
8 4
7 5
1 8
19 15
19 5
6
11 6
15 14
7 10
8 2
4 7
5 15
18 3
2 2
6
18 2
13 3
14 2
17 3
2 1
12 2
17 11
9 3
6
8 5
12 4
1 9
4 11
15 9
14 5
1 1
1 1
5
1 1
1 1
1 1
1 1
1 1
15 18
7 14
2
8 11
10 8
14 8
13 6
8
13 7
5 8
12 2
13 8
11 2
7 4
9 8
14 1
14 16
5 7
7
13 10
3 12
9 5
8 2
3 3
5 8
2 4
14 7
4 4
4
6 2
8 3
1 7
3 7
16 8
9 8
1
3 1
12 2
3 1
1
1 1
7 2
1 2
10
4 2
3 1
6 1
4 1
3 1
5 2
1 2
4 1
5 2
4 1
12 12
12 3
7
1 2
1 5
12 8
1 3
12 2
11 5
4 12
11 5
1 1
3
5 3
3 4
5 4
15 3
14 2
2
13 1
12 3
13 20
8 15
5
3 14
5 8
5 13
5 18
13 8
9 5
1 2
10
3 1
5 1
2 1
9 1
3 5
9 1
6 1
9 5
1 4
7 4
6 14
5 9
4
3 6
1 11
3 3
3 1
15 5
7 4
1
5 5
13 11
13 11
3
10 2
12 4
12 6
20 15
7 14
10
8 3
17 10
17 13
8 10
6 11
12 9
20 10
19 3
11 15
17 4
19 10
10 3
3
12 8
15 8
4 5
19 12
7 12
1
3 8
10 10
3 10
4
10 10
1 1
3 9
8 9
3 19
1 15
2
2 15
1 12
2 7
2 7
6
1 7
1 6
2 7
2 5
2 5
1 1
6 16
1 11
7
3 11
2 16
6 14
4 7
5 13
3 15
6 1
7 8
1 6
10
6 5
1 7
3 5
6 3
3 1
3 1
7 2
2 4
2 2
2 5
8 1
6 1
3
6 1
5 1
4 1
2 12
1 8
4
1 7
1 11
1 9
2 11
3 10
1 6
8
2 5
2 6
1 9
1 6
2 8
1 9
1 9
2 8
13 10
8 9
7
3 6
13 4
11 9
7 2
4 5
10 5
2 7
9 5
8 2
7
8 4
3 5
6 1
5 4
6 4
4 1
1 2
2 4
1 2
2
2 4
2 2
14 12
2 10
6
10 2
4 11
1 1
14 2
10 8
14 11
6 10
3 8
6
1 8
5 4
1 7
4 2
2 10
1 7
1 4
1 2
9
1 4
1 2
1 4
1 4
1 1
1 3
1 4
1 1
1 2
18 4
9 3
1
1 4
10 20
10 20
4
7 8
3 8
3 15
2 10
16 14
5 2
4
1 2
15 8
16 10
6 5
12 19
6 4
8
7 12
2 13
6 13
3 13
6 13
4 18
8 8
1 10
1 5
1 2
4
1 5
1 2
1 1
1 4
8 8
6 2
2
5 5
5 8
15 2
4 1
4
12 1
5 1
8 2
14 2
15 17
12 3
3
2 17
5 7
9 16
3 20
2 12
7
1 14
2 2
1 13
2 15
1 13
2 13
2 8
5 2
1 1
9
1 1
1 2
3 1
5 2
2 2
5 1
5 2
2 1
5 2
7 1
6 1
7
3 1
6 1
3 1
5 1
7 1
4 1
2 1
8 16
4 3
4
4 5
4 3
2 4
2 6
2 8
1 3
8
1 2
2 1
2 1
1 3
1 5
1 1
2 1
2 6
10 1
9 1
9
7 1
7 1
10 1
3 1
6 1
10 1
2 1
4 1
10 1
10 6
6 1
2
8 5
5 1
