10 29
0 35 42 70 107 129 134 139 175 191 213 228 261 294 302 316 339 374 396 405 409 418 438 475 485 495 497 523 552
30 40 50 106 132 161 198 209 212 229 251 252 290 330 350 365 386 410 427 444 471 495 512 540 551 571 596 622 656
60 64 98 127 136 168 208 244 277 292 318 338 362 389 403 414 448 462 480 492 494 516 542 552 558 606 608 648 687
91 92 115 152 154 189 224 259 290 293 330 344 389 413 444 455 467 477 511 539 547 568 599 630 635 668 703 726 748
97 97 145 156 188 203 248 293 329 363 387 392 423 445 450 481 488 509 532 546 573 598 610 654 662 687 712 757 785
118 149 168 202 237 270 291 327 360 393 417 444 452 473 477 509 514 515 546 547 600 617 623 661 686 710 748 768 814
140 175 187 217 274 303 319 333 393 393 449 455 477 510 547 559 576 603 606 608 614 649 686 722 737 737 749 782 847
155 188 195 243 295 335 343 375 417 428 457 472 505 521 567 581 609 612 647 647 683 691 694 727 749 750 751 798 869
159 204 227 244 330 372 396 425 455 464 481 512 537 539 583 606 635 640 659 671 688 728 753 757 789 794 824 826 898
190 213 244 244 348 392 400 459 466 483 499 514 545 550 590 639 651 661 687 713 749 749 790 799 829 848 858 875 898
1
414 460
0 0
