1
100 100
1111111101010111110011111011111101000001001010000110010010110101011100010000101001000111110010111111
29 92
44 80
4 99
73 80
97 97
55 100
18 58
40 57
15 37
96 96
87 90
63 77
53 59
95 95
64 94
19 89
93 96
48 86
43 43
4 89
78 94
92 93
58 58
49 73
30 58
52 54
30 74
40 93
61 87
52 80
80 100
83 87
79 96
91 92
85 89
74 87
7 68
16 21
6 10
64 79
97 97
41 62
92 95
43 83
41 86
39 81
70 95
100 100
38 44
67 100
69 87
79 81
6 92
5 64
28 44
28 37
77 87
74 90
64 69
75 81
4 5
90 99
42 88
36 37
7 41
44 69
73 88
61 65
33 53
17 92
90 98
4 80
90 98
27 77
81 88
64 100
81 97
79 98
76 88
35 61
46 66
67 89
6 84
5 29
39 100
3 19
45 63
62 72
49 74
54 90
9 100
81 90
19 94
73 79
67 100
29 49
53 72
97 99
11 30
76 94
