16
567910611 712944898 962101423 512513240 290776662 233409923 -787357967 133447522 517121523 615751782 147377960 853332836 84255194 -295590481 -418022786 -899468540 
-654853324 -190503863 926487041 -716212309 -519505954 574509708 -518742710 69700408 411295805 -253550002 -937626720 58355032 215308486 -45432678 -699396384 -698547170 
262122040 803632402 -216670890 -128482129 -948782077 202261199 880927999 48701627 -292529967 620299643 -316768712 -636753539 289519829 803089721 -738837575 -436202063 
-602818509 -306349485 -49513561 -101824572 712042430 828542945 761597886 590164781 613208046 681768394 -900536287 838967033 -990586863 -428123949 -407505776 398452606 
910473890 -640623553 177510414 -56564698 -684698522 -417501369 -605130579 696980114 -681920860 -780020549 -289171179 200324431 -822876436 120894873 -693788019 515951020 
-861439724 476238950 869296620 -53497223 99449068 524281785 -119534963 -805153458 -812159113 227868771 -477289853 -905333843 15205661 -477046539 -900304908 588893536 
102140878 77348759 2595813 -479467497 -768486431 816631622 -925389520 -549091794 122041835 944783530 875457623 780985275 310811292 -267385312 -205925892 -157783321 
-977055100 82208663 -73221341 66523764 842418996 197387912 10174991 -160250928 331326930 -991794953 -609626675 60448780 -159248914 -102104831 997853771 -139870676 
-717558714 351573583 -652980939 598955229 -928331362 -610401174 137728929 -823796404 617827523 93245642 -688102545 584165626 -185355170 -818121297 267518842 -699387726 
-547561978 -619521544 -784692441 -812966696 981563550 627628917 495540314 372285786 707334870 874041989 287753565 -348073682 -872556727 -761285952 -593374311 373438851 
923615437 -119582203 889542125 284143370 -241896088 -62417150 63266868 613227571 -724121002 -37330725 -107914868 38573681 -364311400 -317005180 750136228 756386721 
535441125 290116567 -521555770 -175748960 10944886 -515569116 -99425491 688091567 612787561 -512706778 -343761507 -10371508 -286761243 -98459953 -601152443 -807658313 
279622472 -474282983 -62213615 242479384 -506319623 284069093 203526084 351380460 234188220 662853997 -762801183 -923858779 -355196790 -914696845 610963276 -996614114 
293812857 594170891 92969229 365115121 -977705319 -433132393 267467521 -384324039 812279227 148247955 -430102839 -65006771 902487288 -548679180 -591624928 -461545351 
703224118 53189529 -352345143 205571210 -483733474 602374961 642985173 533756201 -900771739 38724502 -63444151 635773662 -820006284 -127884497 -768307129 208165216 
93867951 328224866 -975467422 619675831 796949661 53399652 226081504 -796594976 -938324100 40853581 713168931 731541445 -158410335 -700248810 668678477 429798918 
