2
126 5
110 50
3
71 47
147 116
11 7
4
12 144
110 144
80 44
111 14
6
39 24
81 122
33 110
116 115
69 87
89 75
4
139 123
116 33
117 79
44 124
5
54 118
2 47
45 46
8 57
71 45
2
0 16
114 108
2
77 26
67 15
2
112 1
70 75
6
36 3
77 10
47 130
128 49
26 20
94 32
8
12 78
7 12
92 119
118 72
43 145
139 58
91 98
58 10
2
91 45
23 15
5
68 145
30 116
19 50
59 51
125 69
5
132 80
67 98
47 139
142 39
125 47
3
72 103
139 92
43 33
3
59 88
30 51
116 146
6
13 52
120 138
122 94
117 51
10 63
98 149
2
136 121
99 116
7
52 102
132 95
136 94
1 71
125 51
37 118
121 48
3
88 36
140 32
0 40
4
63 136
39 115
119 9
64 84
5
116 36
29 58
19 124
58 90
96 109
2
63 77
23 81
5
57 68
45 57
106 85
121 92
122 83
4
130 147
143 27
110 26
56 16
3
29 74
135 123
30 108
5
105 131
115 118
37 31
10 94
137 96
6
76 67
144 135
44 140
127 71
98 0
128 114
8
4 35
27 128
65 135
11 19
113 124
136 150
4 146
92 142
3
1 67
4 145
51 48
7
25 120
80 25
95 41
68 99
76 94
76 141
76 87
6
39 61
141 36
63 137
126 54
73 126
122 77
2
20 126
100 46
3
27 69
37 68
136 136
3
79 60
132 2
147 138
3
55 126
76 119
112 49
6
33 24
142 110
143 10
83 90
54 25
118 123
4
33 106
44 25
32 104
4 35
7
142 74
3 116
150 120
77 49
140 108
71 130
68 63
5
0 1
41 24
117 13
82 150
118 126
8
150 77
27 34
25 16
109 26
132 106
144 57
2 133
14 74
7
82 135
97 81
136 138
103 100
150 34
100 117
8 122
4
85 149
149 108
13 107
134 145
2
127 51
63 108
6
135 67
144 117
12 74
101 150
24 50
149 57
3
113 65
120 79
150 116
7
108 129
31 89
122 91
66 20
1 21
84 134
86 78
3
98 150
49 98
24 99
6
79 97
57 144
64 134
141 27
58 96
6 87
6
126 25
99 146
25 120
78 8
53 5
107 1
5
5 99
24 103
40 103
47 95
96 109
3
85 136
134 30
140 68
3
115 92
11 109
117 129
3
125 32
41 80
33 41
4
130 66
33 19
18 80
113 113
3
38 47
22 20
77 11
8
141 125
29 1
83 146
129 119
119 10
7 46
43 48
127 20
4
10 37
131 88
150 91
125 38
4
147 58
62 5
144 52
130 23
6
60 16
30 28
133 38
35 26
81 82
3 99
5
13 136
23 101
136 114
73 21
99 67
8
11 71
70 61
48 91
111 109
108 139
137 88
26 20
115 105
7
116 53
143 129
39 16
77 22
128 149
43 77
65 120
4
136 39
145 32
131 106
141 86
6
125 21
121 145
136 75
92 99
127 85
75 15
4
2 35
76 149
78 0
63 47
5
47 84
81 79
64 34
67 148
128 41
4
96 34
2 19
126 102
146 60
8
8 8
26 43
85 24
121 85
86 15
19 131
97 100
57 9
6
124 6
109 14
25 55
46 28
72 22
130 67
6
3 75
89 30
116 21
54 84
104 138
99 123
3
43 70
24 52
51 146
7
10 10
84 63
54 110
135 76
87 49
6 91
122 93
8
87 114
20 20
65 8
117 38
126 9
108 149
62 7
144 119
3
1 50
78 56
10 60
2
97 109
134 35
8
76 3
14 37
24 32
103 32
147 139
5 3
94 1
63 101
8
31 118
145 82
43 48
92 103
28 36
59 9
70 137
86 73
2
121 97
28 73
6
24 61
131 28
5 132
91 106
125 123
72 118
8
115 15
142 66
41 25
125 51
95 110
135 18
108 105
113 137
3
88 8
87 68
36 90
5
126 44
22 96
114 140
148 76
4 137
7
44 11
115 95
107 74
79 123
31 31
83 15
59 20
4
145 88
58 82
136 33
126 7
8
89 147
124 15
149 108
4 42
120 119
135 74
42 61
46 72
5
127 87
150 148
109 144
83 17
76 68
8
49 73
25 137
67 147
1 66
105 5
106 74
125 89
146 14
3
39 86
90 15
23 90
2
130 81
94 145
7
9 43
54 83
66 40
150 62
39 63
16 42
17 88
5
106 81
29 103
120 115
43 136
136 131
5
116 61
89 108
66 97
0 118
29 64
4
26 127
44 88
141 84
105 77
6
58 7
126 8
128 90
51 111
74 31
106 37
6
43 145
4 140
144 120
16 57
125 40
33 16
6
22 100
80 99
46 138
106 21
147 81
110 45
6
33 75
146 70
15 38
62 17
25 55
137 39
2
109 79
144 125
6
15 72
135 112
117 121
66 138
115 147
97 9
2
128 82
33 45
5
69 108
112 92
12 96
129 123
54 57
4
26 110
128 99
95 90
65 63
6
50 27
150 146
34 35
123 117
66 18
61 133
4
21 74
134 117
50 105
21 106
6
45 65
46 144
7 134
56 70
137 105
97 135
4
130 19
70 96
84 88
6 66
4
27 139
43 143
38 148
13 144
8
58 59
108 50
64 92
104 135
76 58
79 58
5 58
76 76
2
9 11
8 75
2
33 61
112 25
5
109 36
91 20
93 150
128 141
62 67
5
46 144
149 123
49 3
29 125
77 30
3
89 38
57 7
70 118
5
93 65
73 128
6 93
68 3
70 58
6
138 148
109 129
146 82
27 148
111 0
74 141
3
10 27
38 15
95 4
5
37 69
54 14
75 147
80 79
67 138
2
52 136
101 30
4
32 55
126 141
55 50
131 37
5
5 73
74 100
77 55
138 145
110 150
3
104 80
146 18
65 138
5
48 88
100 27
118 3
0 108
58 50
4
93 109
92 16
32 39
93 85
2
87 44
22 4
4
102 148
14 14
135 85
61 70
2
86 35
35 86
2
92 137
77 34
7
16 50
123 53
142 57
78 76
100 100
80 96
49 78
5
63 60
44 122
129 75
57 13
110 144
7
49 128
77 84
68 93
132 40
144 123
95 71
49 44
6
127 140
67 52
100 129
113 142
100 89
66 7
6
24 149
102 73
126 28
4 43
119 137
81 113
8
25 33
5 70
52 131
57 119
32 4
97 143
145 45
81 60
5
31 82
48 133
3 23
11 7
64 128
8
143 90
99 17
124 104
85 23
84 143
140 115
145 87
107 139
5
38 47
31 67
129 79
47 130
100 56
5
11 34
127 3
124 75
18 95
29 104
5
111 94
106 75
88 42
30 77
21 66
7
50 133
98 129
27 78
76 84
63 87
118 39
88 89
8
106 32
142 57
148 102
0 103
25 87
143 55
11 11
119 133
2
101 80
37 128
2
113 59
68 47
3
108 135
114 70
91 146
4
146 143
10 147
94 33
81 86
4
92 98
54 74
8 4
1 44
7
7 6
39 75
52 64
30 36
25 100
125 20
10 121
2
19 115
104 52
6
40 139
137 136
42 58
144 47
57 35
25 64
6
62 138
92 124
17 128
149 118
101 16
126 71
6
145 35
131 47
78 18
35 64
3 77
120 146
4
26 30
145 89
70 57
76 11
4
93 138
25 60
88 41
34 8
3
28 41
45 75
119 63
2
30 65
35 148
5
4 23
88 150
110 6
54 35
15 80
2
2 105
36 90
6
70 96
58 97
137 103
21 103
14 128
133 77
7
130 135
14 1
72 13
111 76
65 145
92 146
121 94
2
4 34
90 73
2
149 19
115 99
4
65 111
15 48
37 25
25 21
2
24 92
51 134
6
115 128
107 108
96 51
55 100
83 144
20 58
2
37 22
88 76
3
47 89
134 84
115 6
7
2 31
43 53
12 58
15 138
15 123
83 64
26 30
2
19 51
52 8
8
73 96
11 8
141 101
140 75
65 144
26 65
24 69
116 34
8
132 21
138 104
104 51
130 135
43 147
33 94
4 121
16 99
3
22 89
81 11
11 144
5
37 58
27 104
23 59
79 2
81 66
4
34 116
84 16
6 81
49 100
7
18 114
31 149
134 119
79 143
130 72
146 15
130 22
6
0 81
45 3
9 110
108 42
73 39
58 79
2
106 27
51 124
2
80 120
123 46
2
113 26
120 108
4
97 128
7 97
57 51
98 66
4
53 108
81 93
16 7
58 120
2
109 91
21 37
5
142 83
108 104
107 75
62 146
21 39
5
116 94
52 64
10 62
117 118
143 57
3
148 116
101 30
72 41
5
109 99
40 40
56 142
147 131
51 143
7
89 144
116 32
43 29
42 103
144 8
93 49
140 90
2
89 120
86 128
6
43 77
58 81
131 50
77 112
101 67
111 39
5
76 72
99 103
112 51
97 120
144 146
2
84 7
46 53
6
21 72
134 98
128 62
79 27
138 38
127 54
2
13 111
73 83
2
25 45
109 122
5
102 115
122 35
122 15
87 61
37 8
8
133 136
105 59
11 92
95 138
144 94
149 104
16 82
11 39
2
120 11
139 69
6
109 105
94 124
39 4
8 45
46 140
30 0
3
39 92
142 24
84 83
3
35 97
105 46
136 79
2
147 67
81 119
6
33 62
148 72
64 3
117 110
141 145
109 37
3
48 28
58 132
111 79
3
57 33
61 40
110 73
7
27 3
3 50
36 63
45 108
127 47
74 84
37 66
6
74 100
89 100
6 70
58 85
85 113
117 147
5
76 67
38 101
70 39
150 104
102 44
2
78 89
133 9
3
46 50
48 147
139 149
4
56 54
85 142
15 49
136 18
3
50 54
72 118
93 71
6
44 114
130 120
52 110
129 26
5 28
75 150
5
71 150
71 123
83 60
138 130
43 5
7
91 57
23 58
150 92
129 41
55 106
8 106
65 138
4
68 13
54 68
26 123
67 95
5
150 2
83 130
43 87
80 134
144 103
5
142 45
17 32
98 123
41 51
35 26
3
103 37
83 20
63 56
7
5 1
85 7
82 64
50 18
143 31
10 93
72 1
6
87 31
84 59
72 133
94 96
13 47
132 97
2
44 0
2 50
2
86 55
83 148
7
100 140
135 110
83 55
111 68
142 142
150 49
62 131
7
5 144
35 137
88 101
29 88
101 77
87 36
132 20
7
85 120
23 70
77 104
125 37
20 114
26 17
12 86
5
3 92
142 38
78 77
137 107
15 88
7
100 124
13 120
5 96
87 29
13 13
131 136
48 149
7
73 16
110 8
13 111
100 2
150 26
80 134
131 93
7
12 42
43 23
10 48
119 95
75 131
107 54
116 2
2
63 75
68 23
5
80 134
31 80
131 55
7 115
36 100
2
46 141
74 67
3
121 35
91 43
13 47
5
130 48
148 40
123 63
63 54
143 47
5
73 25
137 80
138 22
28 21
66 16
6
133 12
63 16
103 107
29 149
51 6
46 48
4
16 112
108 69
102 2
0 22
2
137 103
15 7
8
34 73
143 128
54 4
38 70
107 143
97 103
44 102
147 90
8
13 49
104 80
150 107
80 21
133 66
122 146
71 100
30 143
4
5 46
94 41
114 49
34 60
8
76 9
149 13
5 9
63 110
89 62
64 16
83 44
82 53
3
1 0
67 144
91 70
4
34 112
2 81
144 60
83 69
3
79 82
73 86
143 30
2
54 92
40 136
3
120 38
23 121
38 90
3
127 10
0 11
120 0
4
113 59
22 29
125 99
109 47
4
102 76
56 3
15 94
139 150
5
24 22
30 61
110 143
37 120
141 46
5
140 137
47 48
6 74
20 106
33 67
6
135 141
44 136
6 138
123 5
47 145
25 78
3
135 70
91 103
60 135
5
47 121
85 95
128 8
115 81
41 30
8
23 18
112 9
22 98
130 25
145 124
50 72
27 35
140 118
6
48 100
22 95
69 107
38 44
116 0
125 4
4
42 28
47 2
35 67
100 14
7
92 136
143 14
12 25
1 128
8 49
78 31
145 147
2
30 40
103 30
3
106 59
52 134
104 54
2
20 1
28 113
8
13 104
106 26
127 107
3 136
6 81
16 149
75 3
28 113
8
56 125
60 115
27 41
68 79
57 87
81 85
49 22
98 2
2
122 128
84 126
5
88 54
129 84
130 130
110 90
82 16
6
142 131
90 30
47 16
85 134
97 19
30 119
7
31 94
85 8
28 60
121 114
113 97
48 90
74 7
7
6 21
92 146
2 29
26 47
46 111
28 141
129 58
8
92 89
51 26
95 77
85 63
41 47
7 87
137 82
92 15
4
114 106
81 114
135 105
10 30
2
36 19
40 94
8
132 31
27 5
124 105
90 37
144 135
44 78
121 126
19 135
6
131 88
141 94
72 93
102 101
6 138
120 44
6
94 25
109 121
29 82
73 117
117 64
102 11
8
70 135
9 52
44 138
140 32
80 60
125 31
8 130
17 128
7
95 71
47 51
39 76
131 111
42 98
22 142
109 12
4
93 19
112 135
6 100
16 86
5
142 116
15 119
133 143
142 75
61 38
7
98 112
106 56
2 51
79 144
9 91
51 101
110 13
2
114 111
102 50
3
91 13
133 59
146 123
4
68 31
87 41
129 48
145 33
5
46 112
42 55
50 93
5 9
104 89
3
64 40
20 29
131 33
6
39 26
134 87
92 12
21 133
142 68
126 22
7
21 134
5 74
33 97
78 40
50 16
10 113
56 29
8
34 60
1 71
85 133
5 26
146 27
7 135
95 133
6 58
8
140 64
77 20
10 2
60 58
18 68
20 72
97 10
106 7
7
26 92
142 30
116 137
57 123
119 150
105 125
57 106
7
119 31
130 129
33 37
35 52
106 53
124 52
63 78
7
72 102
147 62
132 113
46 36
83 15
35 38
140 91
7
100 57
22 79
34 56
117 69
106 72
122 77
122 33
3
27 103
107 23
14 88
7
61 125
67 74
7 103
63 96
94 12
3 115
92 37
2
58 106
124 128
5
50 99
108 55
124 61
11 148
73 97
6
132 71
43 55
77 146
119 22
90 129
25 54
3
60 72
124 13
45 101
2
95 48
46 148
6
105 8
16 28
104 146
9 24
38 65
99 32
2
122 120
7 145
8
76 55
91 49
66 136
0 4
78 46
49 76
67 3
82 82
4
35 75
37 58
111 100
6 143
8
126 110
138 119
131 61
21 71
111 87
54 109
92 133
4 139
2
69 140
136 149
7
19 73
56 75
32 3
79 24
134 55
135 119
23 113
5
42 34
139 129
88 97
68 68
99 56
4
15 44
106 14
63 125
85 117
3
117 120
126 142
101 30
6
67 51
86 97
93 118
83 70
56 29
138 122
8
42 92
144 86
47 5
147 19
90 111
66 57
80 41
46 28
4
17 95
121 103
40 62
69 121
4
125 0
117 94
126 8
35 117
5
82 122
88 101
62 48
14 117
126 56
8
3 126
27 97
96 128
135 5
46 105
137 18
103 104
113 77
5
146 43
54 78
15 140
26 75
38 41
3
13 95
49 15
70 76
4
13 53
92 19
100 44
5 118
8
107 78
72 67
74 115
119 150
128 108
23 50
146 62
87 7
7
136 20
74 61
128 88
113 67
107 60
109 110
27 104
4
104 23
134 27
137 102
24 112
8
47 12
53 110
97 58
114 83
76 38
142 51
126 104
116 80
2
74 37
39 26
5
141 47
85 17
33 34
39 146
92 86
3
143 43
102 48
5 34
3
43 24
22 16
126 138
2
138 59
131 26
7
83 14
131 17
31 13
52 68
6 144
1 11
134 43
5
31 48
144 4
89 17
24 103
144 9
3
129 68
24 2
150 107
8
130 123
45 141
22 113
146 13
114 6
147 6
116 27
54 110
6
141 125
53 93
116 60
139 94
128 11
96 125
4
112 104
88 6
93 110
119 88
5
81 92
117 87
58 142
140 15
20 130
4
71 71
106 131
57 49
107 68
2
81 34
105 33
3
112 124
78 78
59 48
3
0 13
94 56
4 83
8
23 60
61 94
131 14
73 38
63 29
106 56
108 138
11 139
3
121 112
35 48
20 83
3
19 96
149 73
99 81
7
122 139
53 63
120 67
136 5
128 14
111 34
121 97
3
109 54
13 69
87 59
7
19 114
104 114
112 27
60 42
21 31
31 72
94 149
7
78 3
114 90
112 146
60 58
36 17
110 49
84 46
8
20 64
72 125
25 34
150 85
74 18
114 103
90 55
101 76
7
102 37
73 64
31 133
122 67
148 80
117 81
126 73
6
39 143
74 64
24 73
147 97
91 110
49 28
2
149 102
148 100
3
70 11
19 51
132 85
6
61 51
128 36
122 79
74 114
0 138
137 71
2
83 9
92 132
5
107 128
139 103
76 125
20 87
143 69
7
77 116
129 126
93 13
95 19
87 56
19 72
42 88
4
125 97
147 105
132 101
80 118
2
5 92
70 93
8
139 10
6 104
138 132
44 0
76 63
85 133
80 6
22 17
3
148 112
53 100
93 1
3
60 51
33 0
121 126
5
109 134
89 61
119 68
105 119
143 16
4
123 96
56 145
114 115
140 75
3
87 16
16 117
76 67
7
76 35
123 6
143 104
95 53
73 10
5 39
2 21
3
123 116
145 118
77 109
5
150 122
42 15
138 6
92 53
3 15
3
124 21
78 77
114 129
4
125 135
39 125
3 128
98 117
2
65 43
80 17
5
49 59
58 34
63 148
87 66
13 23
5
32 99
117 147
78 116
121 60
2 95
3
130 42
30 101
105 71
8
123 114
77 29
20 112
93 17
46 8
28 67
46 61
16 12
6
94 126
23 1
129 118
62 106
8 92
57 111
8
85 83
125 10
111 145
122 53
10 15
59 36
83 105
95 97
2
150 38
89 22
5
65 139
101 20
147 41
77 107
52 10
5
26 20
147 19
140 49
27 4
106 63
7
59 8
33 23
7 71
110 28
108 24
16 59
45 10
6
120 115
150 128
0 23
146 147
42 135
45 67
3
1 131
74 60
139 108
3
144 26
41 21
133 63
6
41 106
45 139
76 10
138 51
10 10
47 5
4
31 50
118 20
49 96
95 107
8
50 36
76 74
75 95
56 138
131 95
94 23
83 17
33 68
2
42 77
113 47
3
143 95
91 12
143 37
8
97 119
2 133
44 75
55 140
129 43
120 74
135 143
4 150
5
71 65
64 146
28 109
121 20
53 59
3
43 96
134 141
65 134
5
107 58
26 96
37 67
63 109
51 54
4
50 78
31 115
140 24
141 98
4
10 149
54 39
42 148
22 30
2
5 0
17 62
7
113 97
91 26
53 142
80 13
39 5
43 4
145 67
8
90 60
3 88
112 42
128 109
64 5
19 67
4 36
129 28
5
75 120
20 126
109 98
140 149
103 32
4
95 97
143 32
6 146
119 116
2
96 75
99 100
7
16 104
126 143
132 122
66 99
141 41
56 88
30 54
8
60 52
132 5
44 14
9 38
133 126
75 76
50 22
25 140
4
127 115
28 107
84 94
55 74
4
111 10
11 12
47 72
62 28
3
107 40
84 145
22 59
2
97 107
89 120
8
125 97
58 1
53 141
95 106
62 78
65 72
88 77
119 9
7
146 82
92 35
15 86
56 75
0 2
29 88
120 124
7
66 29
61 117
19 4
73 80
82 138
1 19
62 119
7
49 112
108 141
147 122
74 52
44 73
52 73
10 22
8
68 86
74 130
53 93
134 124
22 63
109 22
81 20
139 105
5
100 61
56 94
32 129
145 76
51 46
6
59 66
43 127
2 115
106 53
57 87
26 78
4
135 98
81 2
86 35
68 33
6
125 127
126 103
119 51
1 13
48 60
79 89
8
79 53
139 130
108 75
3 35
75 136
133 3
139 66
37 54
6
131 28
74 107
129 42
5 130
55 53
37 133
6
70 61
40 58
39 149
131 42
31 56
28 12
8
14 78
94 66
27 73
95 99
29 71
141 34
51 44
86 86
6
73 5
85 114
61 124
110 42
14 141
96 40
8
2 52
81 95
118 106
15 60
54 44
132 42
76 30
84 9
8
110 83
120 43
44 30
14 3
72 28
144 15
66 145
16 118
4
111 84
28 124
144 80
17 125
7
91 4
54 99
119 13
29 88
54 73
116 69
74 36
4
67 51
11 61
67 127
134 25
3
11 149
54 89
13 26
4
103 31
113 51
150 126
80 85
7
0 48
97 74
84 39
139 134
48 48
50 25
31 74
8
41 72
135 130
84 11
38 36
42 0
85 39
125 12
122 2
4
19 97
84 104
134 72
87 32
6
135 55
150 58
136 38
129 121
15 60
132 52
4
21 52
28 58
24 40
29 24
3
46 119
134 150
103 53
5
133 21
67 35
20 123
20 56
99 141
4
8 120
123 100
141 23
128 48
8
15 75
70 63
122 36
46 119
139 98
51 119
119 118
3 137
3
22 42
37 12
111 43
2
82 144
119 103
2
15 148
135 90
3
47 59
102 92
28 90
8
79 57
5 44
60 140
132 82
29 18
93 140
60 73
69 53
3
21 21
54 17
5 145
5
51 53
33 141
79 122
27 7
28 32
8
86 21
31 16
48 47
109 37
107 29
105 9
68 124
29 123
5
34 115
73 83
17 104
73 97
75 100
7
101 130
1 35
149 32
51 46
77 7
82 34
36 36
6
102 9
70 72
0 103
36 71
35 52
24 107
2
98 54
96 46
6
97 81
30 127
130 77
52 137
6 86
20 42
4
121 49
45 42
47 146
77 116
5
127 139
135 123
84 39
68 130
71 13
6
99 138
36 23
39 23
29 123
41 69
98 11
3
141 54
13 134
129 130
5
105 118
145 77
49 31
143 26
102 3
2
50 140
120 72
2
143 101
150 31
4
95 43
137 83
95 150
66 73
4
77 25
92 71
100 141
102 92
8
51 94
100 100
83 69
21 109
59 120
106 91
140 50
132 124
3
74 122
46 147
98 122
3
38 40
119 28
141 58
2
39 1
144 137
2
60 7
39 120
7
143 58
115 41
37 89
21 111
60 66
105 5
37 124
8
75 92
70 65
150 113
105 150
106 89
79 14
97 116
134 70
4
39 34
150 76
121 18
36 28
3
139 32
121 112
73 46
4
143 109
48 106
61 47
59 0
8
73 95
90 54
14 46
93 46
45 16
15 64
50 41
146 38
2
117 148
147 10
2
139 117
97 92
8
142 1
26 116
72 121
54 127
135 100
67 28
144 82
43 57
3
83 52
18 5
16 15
8
24 62
137 142
8 78
17 150
77 43
114 148
13 17
124 146
2
38 21
110 118
5
14 98
146 65
116 0
79 129
149 104
4
135 93
46 62
110 46
138 0
4
135 11
24 106
4 141
142 25
5
110 88
113 57
83 27
20 82
107 149
3
58 37
64 0
83 124
6
127 111
106 134
93 117
7 48
121 147
40 146
8
148 82
57 54
14 83
74 96
37 70
25 95
105 89
93 38
8
48 14
21 3
149 115
120 3
10 90
150 50
83 94
47 14
5
99 27
80 20
123 117
89 147
59 43
8
150 81
146 47
94 15
50 90
128 17
93 138
105 93
38 37
8
83 50
31 30
75 111
50 47
75 139
43 134
32 127
133 111
6
27 54
133 77
144 110
92 87
98 46
27 134
6
59 66
130 91
94 54
49 145
101 125
133 143
2
12 117
87 124
3
114 27
67 39
19 26
5
106 122
27 131
105 109
37 19
86 126
3
140 25
107 88
148 88
2
103 98
44 37
3
127 1
97 43
40 116
4
18 69
39 45
47 142
1 84
6
87 58
124 76
83 78
14 78
13 92
28 112
3
66 30
111 65
125 1
2
90 66
123 6
8
16 53
95 15
136 105
103 43
76 26
124 2
38 51
13 129
2
123 113
143 3
4
57 128
70 9
66 136
131 70
7
147 122
33 11
107 136
112 148
60 139
121 60
24 19
4
2 96
46 113
87 47
31 144
3
101 3
86 87
132 6
4
128 128
56 137
84 39
99 79
6
85 47
6 109
66 78
110 9
122 72
96 18
6
88 38
52 89
125 137
70 131
9 47
108 63
6
39 101
132 118
47 66
14 54
23 78
130 133
5
101 52
33 117
3 121
4 56
59 129
8
129 109
50 23
64 111
54 103
61 34
68 109
98 80
10 121
7
140 103
93 88
5 124
54 8
92 58
62 149
35 103
4
142 0
148 56
111 51
6 20
2
73 127
33 2
3
1 8
124 105
101 61
3
74 113
114 13
18 26
2
53 127
136 45
2
133 99
85 31
7
103 115
25 79
146 28
65 147
34 36
99 133
95 56
4
57 18
67 74
44 78
127 18
7
19 143
43 118
75 74
71 28
36 96
107 31
122 22
5
5 56
123 138
1 29
41 56
45 108
7
89 35
105 105
96 124
97 139
90 21
61 10
49 97
8
6 127
76 26
0 79
80 123
67 81
150 106
136 44
64 115
6
97 67
85 43
41 31
29 129
51 90
137 100
5
90 104
11 13
128 11
93 58
134 7
5
134 113
122 27
24 85
8 120
1 91
5
40 123
39 18
21 130
4 121
14 93
3
25 106
50 34
48 108
5
55 95
149 16
64 26
40 149
32 9
2
123 19
38 93
3
55 114
36 57
83 50
7
5 73
104 55
107 150
11 122
53 104
121 69
17 145
6
14 26
117 12
147 134
48 90
40 101
53 76
8
134 124
5 139
44 107
42 0
105 51
121 7
4 89
76 19
8
30 31
107 145
43 103
129 90
40 18
40 92
93 46
75 66
7
64 111
6 104
109 111
4 77
116 6
15 39
23 98
5
55 54
64 96
5 42
33 45
59 74
8
1 120
62 65
17 124
23 22
77 133
133 79
59 97
85 75
5
106 20
55 10
75 118
105 80
7 138
2
64 61
110 65
8
19 129
44 143
1 66
67 134
47 146
41 144
78 114
129 33
7
32 42
56 148
147 134
4 132
107 69
41 64
132 70
6
110 114
75 112
28 142
93 75
135 132
68 62
8
44 93
77 76
135 131
73 129
113 76
111 69
145 1
131 124
4
63 84
30 138
43 58
127 134
5
109 114
50 18
56 95
111 131
18 96
6
90 74
72 15
32 141
7 33
121 131
102 31
6
131 16
105 38
143 87
21 99
50 69
117 106
5
77 85
30 20
46 118
93 118
133 125
8
138 6
74 118
106 105
28 86
121 131
125 111
67 144
59 115
4
25 69
72 100
3 100
121 49
7
63 14
45 35
118 32
41 39
148 148
144 25
83 112
4
55 70
71 46
129 34
107 1
2
26 101
106 124
3
2 38
132 14
83 17
6
113 56
20 110
53 11
134 137
121 138
41 40
4
88 18
90 42
17 42
68 116
3
39 35
148 77
14 11
7
29 141
120 86
8 77
137 17
60 123
138 45
12 27
2
98 43
39 138
5
80 53
24 75
92 57
73 16
69 82
8
99 71
141 32
77 65
18 95
124 140
80 18
1 106
118 97
5
5 84
55 85
137 77
9 76
134 80
2
52 10
113 149
6
101 28
7 15
47 100
137 36
30 3
35 134
2
130 130
126 61
3
60 45
111 68
121 94
5
60 145
7 22
141 86
121 19
92 134
3
41 121
98 69
124 133
6
92 110
32 66
20 64
126 63
25 41
33 117
6
91 109
44 111
100 131
81 119
72 64
32 111
4
130 30
5 110
80 96
67 110
8
87 24
135 148
49 26
30 15
63 119
123 107
79 72
87 9
8
8 71
70 120
104 47
148 107
4 75
52 71
35 63
5 59
4
2 106
72 30
119 135
149 91
4
77 12
26 84
50 34
4 118
6
108 14
147 63
18 72
115 87
107 26
92 13
3
92 119
142 122
87 126
4
28 64
44 38
90 128
89 123
5
56 124
88 69
119 0
85 40
114 22
3
140 112
7 59
54 126
6
25 62
23 144
88 87
37 127
25 15
65 148
5
119 119
83 35
87 82
121 127
45 141
6
32 100
126 89
3 101
139 27
11 9
18 99
6
55 73
119 68
136 116
61 105
85 145
138 19
8
106 145
117 94
113 149
44 89
87 45
39 73
72 48
82 90
6
25 144
68 145
59 54
110 121
6 42
115 142
6
36 98
54 2
41 16
0 83
103 85
129 141
5
48 38
87 139
33 112
130 100
104 38
2
62 8
7 102
6
149 11
6 96
65 8
136 80
6 68
32 91
8
20 96
93 59
30 79
90 143
58 39
94 96
40 5
105 47
8
75 44
117 80
138 30
88 121
110 95
39 140
33 81
8 130
3
67 7
102 4
150 9
6
92 104
84 97
56 130
52 129
21 19
58 8
8
147 130
6 89
16 144
122 97
150 99
121 66
107 70
71 104
6
113 45
31 44
141 85
21 40
63 42
59 122
5
106 118
28 110
56 44
102 25
139 101
2
107 15
79 27
5
32 103
44 76
132 88
66 66
110 106
3
150 13
100 48
117 65
4
75 119
120 24
145 109
123 117
5
136 45
90 67
75 42
111 0
23 47
5
87 4
18 66
3 29
15 52
146 79
8
68 47
96 90
39 52
61 5
115 46
48 53
114 124
93 72
7
117 119
36 53
123 54
117 125
83 131
26 76
59 1
8
106 97
80 146
147 141
149 110
37 47
12 149
18 105
68 140
8
37 23
121 7
77 87
132 7
67 5
82 126
7 72
80 102
2
73 99
143 71
5
27 116
68 23
134 22
91 122
92 126
2
62 132
72 149
5
77 64
117 6
39 124
78 117
75 78
2
21 68
111 77
7
76 145
116 58
17 54
29 107
28 23
18 9
93 14
3
18 76
86 24
114 57
6
80 133
28 120
1 96
78 79
38 1
71 1
2
86 53
88 42
4
110 58
88 52
71 56
70 147
4
93 110
47 43
40 27
71 7
2
14 83
105 52
8
24 51
144 110
104 79
0 33
36 58
119 89
127 24
6 124
3
99 81
59 142
119 86
3
126 112
74 58
65 124
5
89 24
132 48
127 58
46 9
95 105
5
31 79
0 37
52 14
137 134
73 126
5
6 36
74 118
110 132
32 82
120 119
8
101 15
82 9
61 89
102 13
65 133
93 65
19 143
77 3
7
148 130
74 3
13 148
121 123
127 1
52 97
120 8
4
135 88
52 44
25 3
57 90
3
150 4
1 143
79 4
4
76 132
37 79
145 34
47 116
8
46 17
106 16
23 149
149 110
51 42
135 52
98 74
36 95
6
37 85
4 41
49 78
21 86
6 13
119 51
5
128 98
145 83
112 15
81 108
125 130
5
109 32
96 30
68 40
106 103
126 108
7
24 35
12 108
39 26
76 89
2 53
36 145
134 146
4
63 101
133 42
99 92
72 44
8
138 83
74 90
56 31
82 80
65 92
37 102
118 112
40 119
8
74 111
147 67
119 59
18 102
99 117
41 21
9 10
6 90
4
97 146
114 28
73 26
120 110
8
86 69
16 52
82 90
10 78
5 130
135 23
79 81
138 120
2
145 128
107 84
7
53 79
23 79
1 49
46 110
26 130
26 40
29 108
8
40 33
134 17
15 4
96 95
142 65
44 137
42 149
68 102
3
146 125
126 145
23 22
8
48 150
129 86
29 86
64 67
118 47
84 133
51 29
77 41
8
120 27
134 118
93 84
17 88
58 143
83 80
12 34
126 10
7
61 39
97 124
104 64
20 37
44 70
64 120
111 5
2
136 137
54 78
6
69 16
127 60
97 54
72 131
27 82
142 86
7
88 59
72 1
78 107
45 148
20 12
108 23
101 93
4
3 18
78 72
32 52
132 129
3
52 108
131 134
99 67
8
36 124
20 35
51 126
78 46
144 91
3 17
39 94
25 42
5
103 113
143 3
94 120
107 146
77 88
5
23 2
76 57
124 96
92 25
71 19
3
63 108
71 80
148 14
7
37 125
55 150
116 58
92 85
15 85
9 101
62 32
3
136 89
74 82
30 97
7
47 16
63 3
87 141
149 99
95 35
72 149
33 37
5
125 120
69 59
129 17
120 10
118 105
5
42 34
127 137
33 21
2 96
24 87
3
20 36
29 56
106 25
8
143 80
59 110
147 116
88 14
85 98
130 38
44 19
70 18
7
103 39
8 47
62 96
132 82
130 8
136 85
34 70
6
112 129
34 108
95 122
120 27
67 100
63 109
3
134 127
125 84
13 132
2
73 75
112 3
0
