4101497 6710350
2163550 3542387
539544 1111636
5085080 9666273
8789211 9365365
2370883 2797193
8079545 8073613
7691405 8552823
4145575 4573139
5730098 1906418
4507667 5009248
8546532 2087309
2734747 1082545
9028441 255967
5973691 5738302
2448652 8989505
2531893 75189
1186825 4612202
6794827 5587789
4953154 6271905
1585451 5584039
3657652 7324038
8393213 9664996
4238135 3865409
8288179 5055140
64388 2484585
7088246 2795846
3878391 1127272
1383239 9822994
5561296 5423184
6929042 7356931
7432120 526301
7654855 9460935
7565076 1135297
9923554 4449683
2550074 2518231
2358621 1509005
3690354 8724078
5105839 3268186
8323326 444841
2929427 3394018
8706216 8387715
2031339 17673
9840667 5100959
524144 3414579
3287862 7918316
960969 7453186
9430473 3236334
4371631 8615824
5581859 6995549
9513780 4295185
5804191 648285
9372363 4388753
7656939 2010897
2455738 6994554
2904924 5980266
6884333 5385165
5402839 1611140
9228452 1432024
4846603 7759858
8194526 9752596
7205782 650817
3887151 9155495
7771320 9152607
6148156 8258782
2553968 5869531
6517817 8178289
5083394 874511
2885408 8406532
5401087 2740334
1236952 5341146
3242664 822363
4949856 637637
2069661 8645503
8921713 4178308
6447256 6916265
7567082 9632592
8788087 6169390
5321997 3970586
2229368 9075759
4945291 3986505
4681146 7299688
8174199 1463108
2385992 9764541
5021227 3575959
1433458 7787079
1125795 6258179
6895816 4676122
5837977 6075651
2770311 8965477
8398094 7276042
6908634 9217567
5386957 8481529
2452115 5696722
7288833 3225306
7211811 7197835
4497524 2234124
6213584 4409310
4173851 5188075
8764035 8599577
