14
-0.544 0.310 -0.405 -0.186
-0.469 7.400 -1.686 -0.170
-2.375 1.117 4.882 -1.253
-0.091 0.273 -0.760 -1.231
-1.219 0.857 1.549 -7.375
-0.078 -1.143 -0.211 0.068
0.500 1.141 0.947 0.330
-1.128 1.373 -1.750 -0.857
2.071 3.154 -1.333 20.000
0.647 -0.507 0.793 0.949
-5.929 0.100 0.740 0.385
0.986 2.513 1.712 0.644
-17.667 -2.500 5.824 1.545
2.483 -0.370 0.343 6.455
14
0.033 -1.029 2.030 0.477
-0.014 1.350 0.000 -0.866
-0.817 -0.222 1.021 -6.429
3.333 -1.600 -1.274 -1.162
1.655 -0.938 -0.380 -0.394
-0.793 0.813 0.500 66.000
-0.742 -1.542 1.961 -0.423
-2.500 1.621 -15.833 -0.302
-1.500 -1.174 -1.213 0.421
-1.316 1.676 0.184 0.316
0.188 -0.406 -1.100 -1.419
0.492 -0.500 0.543 -9.714
-0.988 -0.575 -1.185 33.000
1.031 0.813 0.888 1.743
14
-1.071 3.000 -0.706 1.145
3.444 0.565 -0.200 -0.032
-0.765 1.364 0.198 -1.703
1.000 -1.185 0.675 1.632
13.000 0.190 0.652 2.140
-0.329 0.147 -0.312 -2.839
56.000 -0.712 1.277 -3.500
-1.024 0.659 1.000 -1.426
-0.534 0.982 5.375 1.791
-0.958 2.000 5.000 -0.632
-0.793 0.762 -0.232 -0.882
-0.138 -0.746 -0.209 0.686
0.618 16.333 0.493 -5.500
-0.151 0.656 -1.727 -1.865
14
0.506 -1.167 -0.900 0.540
-0.172 0.604 0.885 -1.638
-0.510 0.783 -1.918 0.830
-0.103 3.650 5.500 -8.667
-0.883 -1.257 0.775 5.056
-2.020 -3.000 -1.062 3.172
0.946 1.447 1.344 -0.385
2.040 10.125 -1.647 -1.566
-0.105 1.203 0.278 -0.533
-0.967 -1.400 -0.185 -0.826
-0.963 0.349 3.429 -6.667
-10.111 4.318 -45.000 29.333
-2.333 -2.143 3.130 -1.000
-1.345 -3.235 -0.071 3.667
14
0.455 1.730 45.500 0.905
1.525 1.422 -1.160 -0.160
2.500 -0.062 -0.529 -2.727
-1.154 1.349 -0.536 -0.805
-0.167 -1.500 6.444 -24.750
-0.242 1.605 -0.058 1.737
10.500 20.500 9.400 2.000
2.727 2.462 3.000 1.667
1.000 0.618 2.516 0.914
0.325 2.056 -2.171 0.088
-0.554 -1.244 7.455 0.242
-7.455 1.063 1.385 -0.642
-0.211 0.146 -0.046 -0.625
0.000 -1.043 0.764 2.688
14
-7.400 -1.408 1.227 -2.121
-1.491 -0.521 0.750 -0.952
-0.592 0.505 -0.677 0.827
5.625 1.193 -1.625 0.667
-0.212 2.846 -1.286 -2.706
-0.975 1.554 -2.353 -1.244
0.360 -2.176 0.290 3.435
0.519 8.200 -0.672 -0.110
0.021 1.310 0.860 0.200
0.476 -1.019 0.778 -0.112
2.625 -0.031 -1.000 1.038
0.778 -0.824 -6.571 -0.710
-1.391 1.311 0.474 28.000
1.426 2.318 -0.549 -0.098
14
1.233 3.267 -0.901 0.821
-11.000 1.353 2.588 0.222
0.053 -1.684 -2.676 0.330
-0.340 7.000 -3.950 -0.833
2.708 0.778 -1.371 2.750
0.134 -1.413 0.900 0.198
-0.830 1.129 2.733 0.349
-1.627 -1.667 -3.440 0.905
0.781 -0.481 4.600 -13.000
2.111 -0.712 -0.123 -0.023
-4.875 -0.345 -0.723 0.167
0.037 -5.500 1.240 -0.848
-2.211 -2.486 64.000 -7.800
-1.643 0.370 2.800 -1.851
14
0.289 -2.333 2.026 3.250
0.000 0.800 0.887 -1.500
0.747 4.375 0.043 1.000
-1.565 0.111 8.727 -1.206
-3.200 -6.417 0.115 0.441
-1.636 -0.138 13.143 -4.316
-0.989 -1.033 -0.565 -1.556
6.923 0.146 0.864 -0.906
0.806 -1.333 -3.600 1.160
0.506 -5.571 -1.280 5.083
-8.250 -0.154 -1.867 -1.229
0.116 0.000 -1.475 0.571
-0.118 -0.489 -7.500 -22.500
0.333 -0.163 2.571 -2.474
14
4.000 -0.158 -0.710 -0.364
-5.833 -0.577 -0.528 -6.533
-0.213 2.222 3.789 5.333
0.115 1.552 -0.602 -1.444
30.000 -0.700 0.862 -0.111
0.545 -2.091 -0.114 -0.562
-2.265 -0.318 1.176 -0.890
17.800 2.111 -0.933 -1.200
-3.417 0.938 8.000 -0.600
0.775 -3.714 -4.077 -2.750
0.378 -0.207 -5.111 0.804
0.533 0.000 0.133 -0.367
-1.250 0.057 2.051 0.855
-0.571 -0.885 -0.750 -0.627
14
-7.833 1.071 39.000 0.959
3.571 4.500 -1.148 -0.774
-0.914 0.857 1.745 1.257
0.204 0.826 -0.932 -0.180
0.233 -1.837 -10.429 -0.443
-0.528 1.413 -1.318 1.079
-0.267 0.184 1.755 -1.966
0.638 0.233 2.455 6.400
-7.500 -0.122 0.093 0.815
-0.706 1.357 2.750 -1.451
0.324 0.867 -0.835 -0.315
0.333 0.300 4.250 -2.743
-0.979 0.949 -3.310 1.000
0.791 0.723 0.840 0.800
14
1.737 1.432 0.560 -1.344
0.327 -0.139 0.208 -5.400
-0.783 1.672 -0.679 -3.105
0.153 -2.353 6.875 0.857
-0.778 -0.361 0.400 0.676
0.724 1.814 0.324 -0.720
1.022 1.446 1.000 -0.989
-2.237 -1.917 90.000 0.803
0.490 -2.133 1.226 0.464
0.300 0.810 -0.750 1.149
-0.140 1.043 -1.000 11.750
-1.253 4.706 1.074 -2.000
-0.244 -0.155 -1.158 -0.368
0.535 1.390 0.056 0.877
14
-2.417 -4.353 2.444 2.625
4.941 27.500 0.791 -0.226
0.102 1.409 14.000 1.519
0.494 -0.441 -0.544 -0.370
-1.353 -0.147 1.724 -0.191
-0.667 -0.349 -1.419 -2.467
-2.632 0.096 -0.943 2.500
0.010 -0.604 -0.235 2.043
0.781 -1.164 1.344 -1.035
-0.074 -1.929 0.520 -1.386
1.000 0.608 -0.276 -0.293
-6.923 -0.610 1.229 0.082
0.069 0.325 2.571 1.129
2.833 4.846 -1.077 0.158
14
-6.083 0.615 0.374 3.000
-1.673 1.000 1.100 -4.000
-0.304 -0.208 0.800 -0.959
-1.923 0.924 4.636 -2.100
-1.545 0.217 0.963 -0.179
-0.394 0.569 0.556 0.881
1.377 -3.500 0.146 7.250
-1.917 0.328 -0.711 -2.333
1.526 5.214 -0.500 -3.345
-0.643 -1.053 1.667 0.758
1.375 -4.824 -0.949 -1.786
-1.569 -1.316 0.038 1.964
-6.300 1.467 3.267 -2.542
-2.731 0.875 -1.348 0.722
14
-0.391 2.028 -3.000 -1.015
-0.886 1.352 -0.766 -0.560
-0.481 0.424 -1.273 0.918
0.816 -4.059 -1.824 5.176
0.719 -2.333 0.444 5.455
-5.500 -0.029 3.150 0.275
2.000 -5.500 3.833 -1.481
10.429 1.558 0.111 -4.737
1.000 0.424 1.150 -0.674
-1.061 -1.462 0.490 -0.564
-1.820 -0.472 -0.381 -8.800
0.622 3.833 -1.037 -1.727
-8.700 -1.125 -1.217 -1.254
0.477 2.909 -0.962 4.200
14
0.712 0.823 0.206 2.286
4.500 1.446 0.080 0.300
0.350 1.269 -0.692 -0.184
1.571 -42.000 -0.058 -0.205
1.306 0.191 -0.014 1.032
0.204 6.500 1.480 0.769
0.059 0.117 -0.714 -0.151
-1.059 0.365 -1.889 -3.600
1.750 0.204 -0.944 -0.177
0.429 -2.267 -0.115 16.000
0.373 -11.667 0.727 3.850
-0.509 2.875 -0.011 -2.143
0.972 -0.277 -0.054 3.913
4.389 -0.800 -0.690 0.513
14
-0.952 0.023 -0.625 0.719
-0.854 -0.100 0.419 -1.235
2.111 0.258 -0.582 0.460
-0.661 -5.467 -1.622 0.781
-1.545 1.327 2.293 1.023
0.909 0.694 0.125 0.967
-13.600 -1.553 0.451 1.500
-0.328 4.000 -6.167 1.231
0.113 2.357 0.489 0.608
1.343 5.429 0.125 0.929
0.537 1.289 -0.255 -0.309
-5.385 0.921 2.333 -0.434
0.387 2.242 -1.410 -3.625
-0.196 2.583 -2.143 0.184
14
-0.765 -8.750 0.211 -0.975
-1.128 -3.000 -0.306 2.966
-0.204 1.839 0.000 -1.821
-0.087 0.522 -0.986 -2.184
1.652 0.914 -5.000 25.500
-1.481 0.060 -1.039 -1.307
-0.471 -0.875 0.906 2.111
0.580 -1.029 0.056 0.122
30.000 0.473 1.181 -0.365
-1.583 0.051 -0.800 -0.761
-0.646 0.750 -2.526 1.057
14.500 -1.889 0.011 1.825
5.500 -2.556 -0.677 0.831
-0.368 -0.667 1.000 0.710
14
1.596 -1.150 0.398 -3.917
1.757 0.639 -0.011 -1.131
-0.338 2.533 2.438 -2.324
-2.105 -1.069 -2.714 -2.068
0.800 -1.167 0.605 0.278
0.591 0.131 2.000 1.733
0.106 4.350 0.925 -0.286
-2.045 3.346 -0.683 -0.926
-0.925 0.111 -0.730 0.948
0.229 0.289 -0.242 0.581
0.070 0.887 -3.778 1.228
-2.941 0.542 -5.571 1.367
2.667 0.211 -11.750 -0.877
1.053 -1.069 -4.278 0.405
14
-0.128 3.043 -0.871 -0.100
-2.370 0.927 -0.952 0.118
6.667 0.923 1.094 -15.500
0.989 -2.579 -5.471 0.215
1.580 1.682 -40.000 0.744
-0.111 -0.115 1.700 89.000
0.125 0.286 0.753 1.315
-0.091 0.461 0.020 0.061
-0.422 1.759 3.286 -1.458
-0.793 1.193 1.000 1.245
-1.222 -0.268 0.989 2.410
0.444 -1.357 0.646 -1.000
-0.533 -0.914 -0.911 -3.238
3.704 2.722 -1.015 -1.085
14
0.120 -2.212 -0.895 -1.240
-1.293 0.422 -0.661 -4.333
-0.480 0.727 -1.745 -0.531
0.269 0.136 0.053 -0.516
-2.500 -1.962 -3.000 1.000
1.500 0.853 0.556 0.756
-1.067 -0.146 -0.308 -2.000
-0.266 -4.923 2.208 11.500
0.212 0.672 0.118 -0.429
1.167 -0.250 -0.242 -0.152
2.500 0.923 -0.133 1.093
0.261 0.476 0.340 -4.474
-3.080 0.360 -1.263 0.017
1.290 0.536 -0.450 1.333
14
-1.647 1.533 -2.577 -1.032
-1.094 2.690 -1.795 -0.839
-2.412 -1.676 0.211 -1.234
-1.020 3.333 1.253 -0.728
-7.750 0.333 -0.769 -1.667
0.122 0.250 -0.833 -2.150
1.391 0.347 0.181 -0.109
-0.944 4.500 1.067 -1.759
3.857 24.333 1.266 -4.000
0.259 -2.302 1.679 -5.333
3.100 -0.167 2.893 -0.500
1.167 -1.192 1.704 0.250
-3.182 -1.246 -0.753 0.617
2.526 -1.828 1.450 0.509
14
0.030 1.167 -0.840 5.727
-0.961 -0.887 -0.528 -0.339
1.364 -0.200 -3.579 -2.296
0.766 -1.600 3.000 -0.105
-1.444 0.300 -1.022 -0.934
-0.429 1.036 0.543 0.607
1.306 -0.912 -1.315 1.056
-0.635 -1.108 -1.143 -0.140
0.292 0.767 0.463 -2.308
0.341 1.923 -0.656 0.640
13.500 -1.083 -14.500 0.671
-0.667 -0.173 3.647 -1.000
8.250 2.649 0.618 1.636
1.857 0.861 -0.414 0.080
14
-1.018 -4.000 -39.000 -1.000
-2.043 -0.164 0.779 -1.205
1.400 0.379 -0.374 -0.852
-1.240 4.474 11.200 -1.000
0.825 -3.222 -0.812 0.730
-1.222 -1.214 1.091 0.977
-1.174 -4.000 0.396 0.861
0.758 8.143 -4.143 -0.113
0.433 0.393 0.697 -1.286
2.048 -0.831 0.480 0.015
0.909 -0.686 4.125 -3.333
-0.097 -1.206 -0.473 1.012
-0.741 -3.273 0.381 -0.988
0.296 -0.406 5.818 0.280
14
0.561 -0.667 -1.053 -4.667
-0.620 -0.875 0.921 -0.967
-0.902 0.460 13.286 -1.000
-3.826 0.927 7.444 0.103
-1.615 0.815 -2.042 18.750
-1.597 -9.111 1.346 -7.500
1.500 1.033 0.795 -0.695
1.232 -0.150 0.753 -0.080
-2.545 2.882 -2.282 -11.625
-0.337 -0.539 1.180 -0.061
-2.857 1.111 2.478 1.068
0.959 -1.788 0.574 -0.012
-0.857 -7.444 -1.786 -0.563
-0.448 0.391 -0.019 0.300
14
0.039 0.260 0.044 -0.010
0.533 -0.113 -5.571 -0.347
13.167 0.846 -0.348 -4.222
-3.933 0.912 -0.693 0.698
-2.240 0.427 -7.333 -0.073
0.000 -0.430 1.444 -0.798
0.259 -3.179 0.242 -7.375
1.071 -0.330 -0.989 1.317
0.796 1.286 1.531 -1.650
2.162 -0.315 0.929 1.458
1.352 1.408 -1.047 0.491
0.719 -0.027 -1.452 -9.714
0.083 -1.050 -0.948 0.000
0.774 -5.900 1.814 1.211
14
-0.600 1.696 -0.354 1.491
1.684 0.145 -6.000 -0.814
0.169 1.406 -0.600 -19.000
0.710 -2.344 15.250 0.426
0.802 2.968 1.077 -0.874
-1.149 -0.494 -1.000 -0.520
2.273 -0.465 0.768 4.000
-10.250 -1.474 0.714 -6.214
-0.526 -3.345 1.224 0.522
-0.038 7.250 -3.194 -2.880
-9.000 0.000 1.032 -1.378
-0.063 -3.750 0.323 0.154
-1.771 1.732 2.760 6.250
1.067 0.823 -1.565 2.895
14
1.519 1.000 1.788 -0.292
-5.429 -1.011 0.714 1.205
-6.385 0.556 1.714 0.059
-2.280 -1.112 -0.831 7.125
-1.448 -0.459 -0.909 0.756
0.509 0.196 1.150 10.333
0.000 6.250 -0.135 -0.571
-1.000 -0.725 -0.082 -0.746
5.667 1.237 -0.110 0.661
-13.500 -0.450 8.750 2.621
-0.543 0.750 -13.000 0.333
-1.446 -2.722 0.644 -0.310
2.000 -25.000 -0.067 2.909
-0.129 2.686 -1.688 -0.680
14
-2.452 1.122 2.147 -0.881
1.049 -0.354 0.207 -1.404
0.737 0.510 0.342 -0.846
0.540 -0.556 -9.000 -0.321
-0.673 -0.527 -2.088 -0.939
0.410 0.500 -0.674 -0.197
-1.492 -1.929 1.320 -0.107
-1.081 -4.438 -0.364 0.649
-0.829 -0.595 0.611 -0.512
0.352 1.132 -1.524 9.222
-0.694 -1.071 -1.136 -0.321
-0.836 -5.286 0.000 -0.343
-1.152 0.800 -7.000 0.043
0.762 0.778 3.143 -1.292
14
1.158 -2.370 -1.000 0.125
-1.061 -0.333 -4.000 -8.889
0.300 -0.411 -3.842 -0.667
0.180 1.760 -0.132 -1.333
1.500 0.685 -0.395 4.053
0.574 1.012 -0.091 3.562
-28.333 -7.600 1.611 1.636
7.375 -2.739 -1.000 1.377
-3.840 -1.875 2.415 -2.200
-24.000 -0.172 -2.864 -0.750
0.571 -28.000 -1.613 -1.312
4.667 -0.460 -2.115 1.583
0.300 -0.794 -2.786 1.414
-0.154 -6.636 0.353 3.194
14
-6.000 -0.915 0.472 0.472
1.262 0.525 -0.114 -0.139
-1.500 -1.167 -0.278 1.979
2.114 0.561 0.732 -0.705
-5.667 1.250 15.000 0.656
51.000 -0.327 -0.458 5.250
-1.689 -0.657 0.212 1.397
-7.300 -1.012 -0.242 -0.278
-0.538 -1.415 -1.468 3.400
0.678 -1.136 4.650 1.478
1.114 1.111 -2.474 0.022
-0.526 5.077 0.583 0.806
-2.571 -3.750 -22.250 -0.393
2.000 -0.607 0.366 2.244
14
0.494 -0.133 9.400 -0.543
-2.400 -1.458 -1.123 1.512
-2.286 2.926 -1.167 9.833
0.556 0.344 -1.885 -5.833
-0.844 -0.840 0.979 -1.220
0.444 0.690 -0.500 0.736
-7.750 3.704 1.257 1.159
-3.864 -0.419 0.302 6.286
-1.357 -1.404 1.375 1.111
-1.152 -0.143 -0.214 3.579
1.771 0.238 -0.560 13.286
0.037 0.981 1.933 1.478
0.392 0.625 2.083 -0.727
0.288 0.935 -44.500 -3.000
14
6.538 -7.600 -5.000 1.178
1.000 -1.100 -0.500 1.224
2.528 1.118 1.088 -0.383
-3.400 -7.750 2.371 -5.308
0.203 -0.141 1.026 1.815
-0.827 -2.194 -1.600 -0.355
0.034 -1.250 1.200 2.703
-0.535 -2.889 1.429 18.500
0.120 -1.800 -5.500 -0.366
1.600 0.768 1.297 -1.632
-0.774 -0.506 0.227 -0.049
-5.714 4.529 -0.091 1.595
-30.333 -1.302 0.333 0.709
-1.292 -0.932 0.526 -0.590
14
-0.776 2.929 -0.655 2.739
-2.737 0.625 0.912 0.444
2.636 0.047 0.286 -2.000
0.015 -0.381 -0.400 -0.571
-0.359 -4.250 -1.476 -1.025
-3.583 3.462 2.171 -2.276
1.158 0.000 -0.132 0.553
-0.200 1.101 -0.438 -4.231
-0.809 -1.066 0.988 0.500
13.571 0.267 -16.000 0.382
0.483 -0.260 1.566 1.920
1.550 -3.667 1.489 0.721
6.182 -2.220 9.556 0.973
5.444 0.150 -1.286 -0.544
14
-1.961 0.865 1.279 0.385
-0.132 -0.258 1.100 1.500
-0.377 0.000 0.477 -0.483
-0.583 0.046 1.230 -1.333
-0.258 0.733 -1.194 1.743
-1.105 1.623 -0.254 -0.790
0.326 1.566 -0.417 -0.381
-0.674 -0.575 -0.804 1.588
-1.192 -0.619 0.727 0.500
0.814 -4.545 -1.426 0.975
0.772 1.056 0.767 0.442
-1.773 0.914 -1.471 0.904
-0.571 -0.157 0.427 0.464
-0.152 1.283 -0.191 1.269
14
0.804 -0.124 -0.100 0.542
1.146 1.727 -0.754 -3.200
20.333 0.931 2.115 -0.138
1.000 1.016 -0.086 1.087
-0.686 1.743 3.640 1.076
-33.333 -0.562 0.746 0.112
0.077 -0.323 0.649 -1.619
0.160 1.061 -5.538 8.286
1.450 1.288 -1.579 0.767
-5.100 13.714 0.427 -7.250
-0.101 0.353 -3.619 0.137
67.000 -0.921 -0.395 0.984
0.954 -0.154 -0.244 3.200
-4.444 -79.000 0.220 -1.286
14
-0.060 0.253 -0.633 -1.099
0.850 -0.978 -2.938 1.206
2.152 1.054 0.862 -2.000
0.000 46.000 1.076 -24.667
-0.830 -0.944 0.135 5.400
-1.732 -0.048 1.095 7.750
16.800 4.000 1.274 0.034
-1.212 -5.111 0.833 0.256
-1.560 1.667 0.786 0.214
1.778 -1.119 2.690 4.353
0.905 0.118 1.651 -1.000
22.333 -4.000 -27.000 2.824
0.438 -1.396 0.212 -0.892
-2.909 -0.371 -0.969 0.264
14
-5.000 -0.871 -3.833 -1.092
-1.297 -1.207 1.365 1.449
0.576 -0.448 -0.718 -4.818
-12.750 -0.327 0.406 2.281
-1.297 -0.362 -0.426 -1.057
-0.185 -1.178 -0.908 1.611
0.616 0.000 -0.648 1.012
-1.333 1.101 -0.113 4.278
-6.000 3.588 1.574 -0.329
-0.966 0.581 1.356 1.379
0.255 0.385 -0.857 -16.500
1.105 -1.879 1.357 -0.643
-0.634 -0.422 1.195 -1.463
0.307 0.520 1.294 1.400
14
-1.245 0.259 -0.370 -0.500
0.615 -0.238 -3.154 9.200
0.780 0.189 -0.089 -0.495
0.952 -4.000 2.326 0.854
0.679 -0.833 -1.278 -1.107
-1.076 -1.345 -1.360 -1.033
1.481 1.306 0.034 -1.000
2.471 0.827 0.656 -23.750
-2.000 0.203 -1.833 -1.615
27.000 -17.600 -3.692 -0.206
-3.583 0.333 0.273 -0.561
1.034 -0.941 -0.629 -0.892
0.300 0.657 -0.871 -2.967
-0.756 5.091 0.325 0.483
14
4.083 -1.012 -1.583 -7.000
-0.593 -4.684 0.023 -0.670
-1.520 -0.971 -1.217 -1.176
1.418 -92.000 -0.115 0.652
-1.474 0.125 -1.275 -2.371
-0.232 -1.902 -0.759 1.818
2.069 -1.215 -6.231 -11.750
-0.632 0.653 -1.421 -0.533
0.232 -0.619 -0.032 0.459
1.660 -1.310 1.068 0.656
2.000 10.667 -0.464 -7.333
-0.975 1.922 0.656 -0.013
0.571 0.648 -0.987 78.000
2.286 0.761 0.433 -2.455
14
0.790 -1.099 -0.517 -1.158
0.000 0.221 7.200 1.733
0.132 -6.167 -0.284 -5.071
1.110 -2.487 -6.200 -2.111
-1.973 -0.196 -1.147 -1.279
0.200 -1.667 0.031 0.729
-1.978 1.333 -4.421 -1.238
3.800 0.393 -0.667 0.811
-0.545 0.457 5.071 -4.429
3.385 -0.482 0.396 -3.400
-10.750 -0.684 -1.581 0.562
0.639 0.617 -2.900 0.687
-4.263 -1.920 1.756 3.550
-0.662 0.916 -0.971 -22.667
14
-5.588 -0.080 -14.800 -0.403
-4.471 -0.700 -0.667 -1.108
14.600 3.308 1.147 0.800
-1.649 0.923 0.250 -0.810
3.448 -5.667 1.565 0.837
1.265 0.929 -1.333 -3.440
0.814 6.125 0.000 -0.784
0.065 0.051 -1.241 0.772
-1.000 0.111 -1.261 -0.333
1.231 1.014 -1.744 0.208
-1.155 1.273 1.000 -1.179
-0.372 24.750 -0.022 -1.418
-1.425 -2.765 0.640 10.571
0.624 0.119 -3.471 -0.113
14
-1.864 -1.739 -1.051 -16.000
-3.037 -0.040 -0.138 2.882
0.481 1.882 2.679 0.444
-0.240 -1.347 -2.462 0.379
-3.765 1.707 -1.385 -0.182
-0.521 1.604 -0.600 -0.120
0.711 2.235 2.070 2.100
-1.415 -0.647 -1.623 -1.672
2.818 0.776 0.330 -1.588
-8.000 -3.080 6.182 -1.153
7.400 1.609 0.257 -2.571
3.222 0.586 -1.207 -0.708
-0.432 -0.955 0.613 -1.706
-2.250 -1.214 0.838 0.840
14
-0.162 1.516 7.400 1.956
0.526 0.710 0.547 0.718
-1.072 -11.286 -0.737 -1.962
0.348 1.719 0.261 -0.263
-0.973 -0.061 -1.133 -2.394
2.129 0.667 1.690 4.667
-0.602 1.458 -1.286 0.711
-0.341 5.091 1.500 -1.298
0.141 -6.250 -1.951 -1.474
0.188 19.800 -1.057 -16.500
-3.038 -18.200 -0.843 0.078
-0.348 0.635 2.500 -2.963
1.909 -1.271 -2.238 0.284
-3.929 0.204 0.984 2.966
14
1.432 -3.333 -0.291 -3.080
-0.569 -4.000 0.132 -1.366
-3.280 -1.379 0.316 -0.825
-0.576 6.000 -0.750 0.789
3.133 -0.574 -3.364 1.872
0.506 0.443 1.338 -0.800
0.895 0.850 -0.836 -4.944
7.400 1.509 1.379 0.433
0.968 -0.157 77.000 -0.333
0.716 -0.091 0.533 -2.048
-0.082 0.129 -0.701 -1.920
-1.150 0.364 -19.500 0.185
-1.636 -0.361 -1.218 0.066
0.261 0.471 0.716 -6.750
14
-0.762 39.500 1.290 1.615
-2.667 1.000 0.913 0.258
1.109 -0.140 0.809 -0.164
-1.012 0.328 -12.000 -0.030
6.000 -0.375 -17.250 0.725
-0.965 -0.027 0.022 -0.896
-2.308 -0.087 0.194 0.554
-0.712 -0.448 2.933 0.164
-2.167 0.945 -1.108 32.333
-1.205 0.556 -4.348 -1.833
-0.618 1.583 -1.383 4.048
6.000 0.132 0.155 4.500
-2.818 1.955 -0.214 -1.024
1.133 -1.481 -0.941 -0.271
14
-0.495 50.000 -0.295 1.447
0.875 1.241 -11.714 -4.389
1.724 -1.041 -0.260 1.917
-10.800 -1.508 -1.281 0.411
4.143 0.792 0.733 -1.540
0.561 -2.375 -0.968 -0.714
-7.000 0.778 -9.000 -0.232
-1.100 1.103 2.667 -2.750
-0.743 5.571 -0.213 3.786
0.256 -1.054 -0.256 -2.250
0.540 0.000 0.397 -0.589
5.857 1.917 30.500 -0.263
1.324 -0.060 -0.263 1.289
0.183 -0.848 -0.037 0.592
14
-1.667 -0.577 -5.000 -0.183
-0.195 -0.493 1.826 0.410
-1.100 -0.824 2.116 -4.263
85.000 0.153 8.333 0.714
-2.900 0.137 0.905 1.429
-0.312 -0.857 -1.386 0.910
0.755 -13.000 0.250 -1.141
-1.450 -0.578 2.167 -3.550
-7.667 0.530 1.222 0.840
0.161 -0.378 0.265 -0.100
-0.082 1.611 3.194 0.700
-10.143 0.937 0.857 -0.205
-0.545 0.532 -1.688 -1.702
0.364 -5.000 0.068 -1.581
14
-47.500 0.021 -0.714 -0.619
1.551 -3.192 -2.656 0.139
1.038 10.750 -1.067 3.958
-0.627 1.212 0.231 -1.211
8.700 -2.360 -1.653 4.111
5.733 -2.040 -0.896 12.000
-5.000 -0.517 3.364 -1.667
-0.927 0.421 -0.843 3.625
1.964 1.865 -0.328 -3.000
0.534 -1.143 -0.368 -1.510
0.897 -10.333 -0.451 -0.636
0.475 -0.206 -4.273 0.987
-0.676 0.355 0.686 1.188
1.000 -21.250 0.351 -0.425
14
-0.792 4.143 0.552 -0.345
15.200 -0.857 -1.125 2.045
-0.250 -1.733 0.710 -0.868
-2.289 -0.540 -6.000 0.488
-0.133 0.414 0.161 1.182
0.310 -1.227 0.035 0.964
-5.778 -0.941 -0.219 1.290
1.765 4.400 -2.333 -2.027
-2.357 0.463 -3.640 -1.341
-0.719 0.358 2.368 -2.606
0.127 -0.137 -0.522 0.443
4.400 -1.900 -1.273 0.534
0.421 3.105 1.161 -0.984
-1.105 -1.179 0.821 -1.769
14
-1.345 -0.906 -0.011 1.125
-1.300 0.660 0.500 -3.474
0.505 -0.650 -0.514 0.470
0.167 0.421 -0.609 2.000
1.385 5.900 1.661 -1.246
-1.183 -4.250 0.206 0.840
2.062 -1.938 -1.143 2.022
-0.195 2.042 0.021 0.521
-0.033 0.487 -17.250 0.967
3.800 -0.053 1.200 1.500
0.530 -4.583 -0.333 -0.011
-3.414 -1.000 0.273 0.963
-0.990 -0.341 -10.333 1.474
-0.368 -2.643 0.088 1.088
14
-0.873 -0.233 -1.133 -1.322
-0.062 2.500 -1.780 0.919
0.727 -2.364 -1.244 2.071
-1.600 1.093 0.318 1.087
-0.741 0.195 0.840 1.730
1.322 -0.494 -0.202 10.333
0.808 -0.804 1.039 1.795
0.731 3.476 0.700 -0.505
-1.250 -0.288 1.203 -0.557
0.058 1.400 12.833 0.519
0.133 -1.708 -1.067 -0.300
0.325 -0.097 0.189 -0.682
-2.562 4.941 -1.139 -3.273
2.381 -2.000 -1.278 -0.824
14
-1.846 -0.231 0.712 -0.935
-2.923 0.977 -4.000 2.800
9.000 1.279 5.867 0.277
0.092 0.789 -1.419 -0.279
-0.338 2.579 0.075 -0.214
-7.917 -0.417 0.500 -2.500
1.196 1.052 -1.000 0.040
-2.750 7.429 -0.230 -6.889
1.207 0.978 1.690 -1.510
1.596 -0.519 0.276 0.725
-3.917 0.212 -0.768 -0.387
1.514 4.158 1.118 1.028
-0.274 -0.067 -1.714 -14.333
1.000 -2.800 -1.553 -0.059
14
-1.218 0.271 0.500 -0.250
-1.895 0.758 2.111 0.238
1.695 0.965 -0.348 6.714
-1.000 1.345 0.889 1.048
-1.422 0.658 -0.554 -1.690
-0.828 1.217 2.139 0.267
-1.100 3.708 0.941 -0.147
0.933 0.806 0.139 -1.000
1.442 -1.024 2.114 -0.732
1.933 -0.078 -0.091 -1.067
-21.000 3.625 -0.608 0.286
3.273 5.125 23.250 0.688
0.704 -1.721 -1.429 -4.091
-0.773 -0.157 1.200 0.269
14
-0.230 1.333 0.141 -0.622
0.130 -0.816 -3.000 -0.239
0.895 0.580 -0.811 0.806
1.440 0.429 -0.122 -0.643
-5.133 -1.094 2.605 -1.628
0.451 -0.710 -0.546 -0.253
0.103 3.667 0.793 -1.226
-1.011 -1.393 0.369 -2.279
1.342 1.455 0.964 -4.000
0.056 0.465 -4.273 0.533
-0.640 -2.116 0.175 -0.404
0.547 -0.327 -0.554 6.333
0.547 -0.865 -0.440 42.500
-0.075 -2.783 -5.500 0.143
14
-0.342 -0.903 5.500 0.677
18.500 -0.169 -1.062 0.329
0.881 0.733 -0.938 1.192
-0.131 -1.400 -3.000 6.000
-0.022 -1.426 1.136 0.988
-14.000 1.190 0.071 -1.151
3.895 1.375 1.613 -0.022
5.875 1.164 -1.371 0.420
-0.637 0.542 -1.000 3.688
0.853 -2.069 4.105 -3.680
-0.971 -11.143 -2.400 1.500
0.574 -0.556 -3.609 0.449
0.851 -0.327 -1.457 94.000
1.084 1.000 0.548 2.667
14
-0.911 7.500 0.169 0.592
-1.215 -0.718 -0.506 -2.317
-1.750 10.333 0.893 1.150
-0.383 0.652 -2.227 3.214
-2.818 18.000 -1.932 -0.205
-1.433 10.000 2.952 -0.616
1.615 0.273 2.179 -1.917
0.794 -1.510 0.356 0.095
-0.877 0.586 21.500 -1.090
-1.500 11.286 0.000 -1.029
-5.786 0.250 -0.391 -0.500
2.733 -1.654 1.871 -2.941
-14.500 0.250 6.455 -1.194
-1.226 -1.356 -30.500 0.466
14
-1.702 4.100 1.267 -28.667
-6.667 3.455 -1.667 -0.938
-1.000 1.377 -0.412 -2.364
-1.500 -2.438 -10.375 1.608
0.989 -0.573 0.092 1.088
-2.250 0.365 -0.667 -0.103
0.976 -0.232 0.976 5.267
-2.375 3.143 2.051 -0.650
0.883 4.625 0.167 -5.158
2.800 0.213 -0.562 -0.711
-13.429 1.765 -0.500 -7.273
3.667 -0.667 -75.000 -6.000
-0.406 -0.971 -6.273 1.227
-1.216 0.190 -1.296 -0.402
14
-0.149 0.137 -0.841 1.032
0.990 1.147 31.000 1.000
1.262 1.103 1.483 -7.364
-0.865 0.746 2.867 -3.500
-1.957 -1.667 -0.872 -5.625
0.872 -0.634 -0.756 -0.397
1.013 -2.087 -1.261 1.129
-1.143 -6.500 -0.495 -1.327
-2.735 0.556 -1.036 4.400
-5.688 -0.359 2.100 -2.114
0.791 0.819 -1.054 1.400
-0.091 -2.133 -1.250 -0.344
-0.420 -0.836 1.306 -9.000
-1.209 -1.152 0.625 1.177
14
-4.062 -0.045 -1.537 2.065
1.000 0.542 -0.410 0.083
1.419 0.604 27.333 2.885
-0.241 0.463 -0.704 -0.312
-0.026 4.700 -0.321 0.578
0.643 -0.097 0.602 11.429
1.450 0.906 0.267 -5.471
-1.070 0.594 1.508 -1.500
0.600 7.000 -0.041 0.907
0.040 0.875 2.467 0.979
-2.895 0.167 -4.750 -1.141
-14.500 -1.275 0.529 0.368
0.630 1.426 0.819 1.286
-1.060 -0.024 -0.522 -5.500
14
0.367 -8.875 -0.780 0.069
1.100 -0.104 -1.113 -0.341
-1.148 -0.742 15.000 0.822
-0.388 -1.735 0.820 -0.265
0.344 -0.329 -0.382 0.947
3.143 -0.039 3.667 -1.159
-1.115 0.082 0.545 -1.083
-4.318 2.966 0.960 -19.000
1.771 0.111 0.444 2.593
2.967 0.130 -0.273 -0.578
-1.538 0.010 0.179 2.294
-0.053 -1.550 -0.500 -0.785
0.638 2.143 -0.939 1.556
-1.077 -0.792 0.465 2.286
14
0.054 5.000 -2.406 -0.208
0.400 0.593 -3.000 0.742
0.660 3.400 -1.706 -0.035
0.521 -6.062 1.615 4.333
0.203 1.360 0.162 66.000
-2.690 -1.889 1.365 2.047
-0.875 -0.103 27.000 0.783
-0.218 1.133 -0.183 0.159
-0.168 -0.962 2.167 -0.280
11.875 -1.121 0.214 1.367
0.125 0.684 -0.713 1.619
1.444 -1.164 -0.160 1.259
1.750 -7.000 -0.605 0.427
-1.077 0.204 -0.178 0.012
14
2.086 1.089 0.415 0.818
0.592 5.800 -0.280 0.146
0.887 -3.667 -6.615 -0.527
4.895 1.471 3.500 -1.564
-1.083 -3.000 -1.442 -1.800
0.725 -1.089 2.818 6.300
-1.816 2.481 0.485 -2.667
0.169 -1.400 0.688 0.658
0.135 0.510 0.587 -1.537
1.105 -0.682 1.824 0.977
-0.080 1.256 20.000 1.380
0.654 -0.446 1.230 -1.480
-1.011 -1.233 -0.685 8.667
0.553 -1.719 -1.682 2.167
14
0.607 -0.211 1.870 11.500
0.653 1.426 1.038 -1.077
1.655 -2.474 -1.400 4.333
-0.462 0.544 -2.852 -0.310
2.098 -33.500 0.113 -8.333
0.911 -1.385 2.000 -1.217
0.744 1.182 0.917 -1.106
1.000 -2.047 -1.000 -5.000
6.400 0.785 1.340 0.577
-0.375 -2.727 1.435 -0.109
0.867 -0.318 -0.092 2.174
-1.185 -0.620 2.111 4.200
-11.667 0.896 1.420 -0.358
-0.495 13.667 3.241 0.482
14
2.000 -3.259 2.190 -1.092
-1.868 -0.364 17.000 -0.510
0.850 -0.935 0.361 0.963
1.786 4.571 0.981 -2.273
5.750 0.117 0.851 1.042
-1.474 0.427 -1.767 1.308
-1.979 -1.158 0.156 -0.637
0.684 1.781 0.785 2.667
1.314 -1.226 1.143 0.875
-1.649 2.122 0.775 0.905
-2.629 1.174 -0.010 -13.833
1.036 1.553 -1.371 5.733
0.463 0.595 2.125 -1.171
2.000 1.145 -1.171 -0.194
14
-1.412 0.395 0.495 -0.563
1.800 0.340 2.333 3.094
-0.468 0.670 0.273 1.625
-0.679 3.786 0.760 10.750
-1.070 -0.564 2.308 -0.282
2.333 -0.357 0.273 1.048
0.213 -0.972 0.011 0.359
-0.467 11.000 0.000 5.059
1.833 -0.044 2.485 -0.214
-0.151 1.061 -1.607 1.054
0.560 -2.815 -0.463 1.165
-0.233 6.071 0.137 0.811
0.659 2.458 1.459 0.720
1.786 0.765 14.500 -0.673
14
-19.667 3.882 -0.825 0.476
0.745 0.123 -6.533 1.120
-3.625 -0.623 17.000 1.000
-0.770 0.424 -0.966 1.020
0.153 -0.400 -2.536 0.135
-0.718 0.798 0.115 0.466
-8.100 0.378 -0.216 -0.077
8.333 -2.656 1.466 0.194
-1.833 2.417 3.875 -0.540
6.400 -0.160 1.700 1.347
-1.550 -0.617 0.563 2.333
-62.000 0.077 -1.607 -1.870
-0.283 -0.534 4.500 -0.380
-12.833 -2.543 0.949 1.568
14
-11.167 -0.360 0.522 -10.167
-0.338 0.093 -0.978 -0.310
-1.143 -0.347 4.214 -0.232
-0.124 -0.896 0.678 0.015
-5.053 -0.778 83.000 2.615
-0.234 7.462 0.541 2.250
-0.424 -0.794 -1.418 -0.267
-0.802 5.267 -0.349 -1.789
1.071 -0.515 -0.625 -2.000
17.800 -4.125 -0.507 0.580
1.615 -1.066 3.750 0.550
2.704 -0.978 0.389 0.773
-1.375 -3.458 -0.536 0.164
-1.397 -0.788 -0.904 3.850
14
0.500 -0.556 -0.179 -0.023
1.100 -0.717 -2.200 -1.214
-1.208 1.333 0.727 2.414
-1.714 8.000 -1.033 1.414
0.806 3.333 1.424 1.136
-0.347 -0.019 -0.495 2.577
-0.717 0.136 5.000 -17.600
-3.958 22.667 1.754 2.048
0.917 0.189 0.303 16.000
0.444 -1.113 -2.844 1.021
0.288 -1.865 -0.230 -0.242
9.000 -0.138 0.200 2.968
-0.636 2.200 0.333 -0.520
1.118 -0.486 4.250 1.692
14
0.275 -4.000 0.571 2.100
-1.765 -1.795 1.333 24.750
-1.455 -2.697 -3.500 -4.083
-0.614 0.052 0.270 -1.076
-0.105 4.875 0.737 -0.141
-0.765 -7.375 3.667 0.260
-3.286 -1.673 0.179 -1.470
10.889 -7.545 1.263 1.511
-1.683 -0.161 3.091 0.507
1.098 -1.275 0.479 1.011
2.050 -0.268 -0.932 -5.636
0.808 0.871 0.122 0.333
0.607 1.111 2.109 2.457
8.500 -0.871 -2.000 0.950
14
0.382 0.976 -0.862 13.250
1.233 -2.200 0.772 -1.320
-0.275 -0.918 7.364 -2.522
0.250 0.671 2.138 0.523
1.273 -7.538 1.217 -0.851
0.602 1.818 -4.316 1.451
-2.481 -0.977 2.182 1.239
1.920 -1.125 3.241 -0.701
0.353 0.800 1.895 1.900
1.385 4.375 -0.608 46.000
3.625 0.725 -1.299 0.896
-1.458 -1.636 -0.227 1.225
1.806 1.442 0.013 1.885
-0.315 -12.500 1.462 0.074
14
2.000 -1.679 -0.781 0.181
-0.619 -1.270 -95.000 -0.125
0.972 -1.878 -1.426 -0.043
0.979 -0.373 -10.500 -0.866
-1.370 3.500 17.800 -0.747
1.036 0.844 0.132 6.200
0.939 0.889 0.124 0.290
0.268 0.692 1.389 -1.314
-0.150 6.714 -6.400 -1.508
0.190 32.333 3.346 1.538
-1.933 -12.000 0.931 -0.333
-2.286 0.560 -0.260 -0.233
1.953 -1.727 1.000 0.932
-0.588 -1.839 1.100 -3.207
14
0.935 0.340 1.000 0.707
-0.845 -0.418 -2.750 1.667
-1.295 0.333 -1.467 -0.286
0.273 -0.179 2.038 -0.803
1.700 -5.333 -0.041 -0.269
-0.088 -0.905 0.698 1.063
-6.545 1.614 1.333 -0.042
2.900 -0.723 -2.000 2.184
-0.113 -0.372 0.495 -0.431
0.877 0.089 0.645 -0.269
-0.317 5.867 -1.702 1.422
-1.613 1.750 0.314 0.103
4.526 0.466 -3.000 0.733
-0.500 -4.455 -1.089 -1.500
14
0.172 -0.015 0.163 -9.556
7.636 0.415 -1.041 0.789
-0.217 -7.750 -1.068 -1.514
-8.857 0.032 2.500 0.837
-0.250 -0.600 -0.650 -1.712
0.853 0.086 1.579 -0.756
-0.108 -1.316 18.000 0.275
-1.302 3.231 -1.037 1.345
-0.405 0.011 38.000 -0.290
1.843 -1.122 -0.396 -0.468
-0.277 0.407 0.511 1.176
-0.660 1.958 -4.737 -0.051
-1.535 0.931 -74.000 0.612
-0.743 1.436 0.667 4.083
14
1.105 0.639 -1.206 0.762
-0.400 2.133 1.214 0.405
0.022 1.909 0.372 -0.444
-8.500 -4.368 1.483 -0.714
1.250 -1.216 0.798 -0.353
1.333 0.200 -3.100 1.520
-0.123 1.531 -0.277 0.875
0.600 -0.113 0.594 -7.900
-0.290 -0.161 1.556 1.011
0.515 0.872 0.348 4.700
-0.869 0.051 0.469 -1.700
-0.730 -4.217 -1.109 -0.200
0.576 0.745 0.980 0.079
0.981 -5.300 -0.385 -0.394
14
-0.611 0.958 -3.160 -4.750
-1.900 1.678 -0.806 5.500
1.159 0.927 -1.219 -1.762
0.548 1.143 -0.022 -0.048
-0.613 0.488 -0.451 0.244
-0.036 -0.909 -0.649 -14.000
-0.440 -1.370 2.750 8.714
0.812 -9.571 0.508 1.174
-1.432 8.091 -15.333 -0.071
0.595 0.057 0.434 19.750
-1.559 0.309 -0.242 -1.600
0.241 0.600 0.825 1.011
0.371 1.176 2.586 0.333
-0.419 -0.545 -5.818 -5.000
14
-1.211 0.069 0.290 -1.125
-2.438 -0.120 -1.167 19.750
-1.023 0.148 -15.200 11.000
0.344 3.269 0.500 0.404
-2.310 -0.190 -0.950 1.500
-1.941 -1.159 -0.488 -2.026
0.467 -1.056 -0.913 1.267
-0.750 2.579 0.579 -0.169
0.333 -8.000 -0.581 -12.571
0.536 0.406 -0.702 4.476
-1.068 1.909 -0.677 3.700
1.531 1.139 0.835 -1.000
0.343 1.171 -0.505 -0.176
-1.725 0.976 1.149 1.370
14
0.250 -1.540 -1.171 -2.500
-2.929 2.093 0.485 -1.057
-1.944 0.944 0.528 0.852
-1.529 5.182 -3.476 1.314
-0.085 0.207 1.500 -2.850
1.190 -0.557 1.211 1.244
-0.800 3.125 -7.182 -0.081
2.600 -0.877 -0.390 -1.791
-0.154 0.684 0.875 0.289
-0.024 0.343 -8.111 0.028
1.431 0.989 -0.708 -1.375
0.130 -1.234 -3.000 -4.273
-0.423 0.129 0.681 -1.200
1.231 0.348 -1.600 -2.643
14
1.903 3.640 -0.140 1.371
0.674 -1.484 -4.429 1.409
0.074 0.333 0.639 -0.367
0.579 0.111 0.265 -1.310
-0.903 0.086 -0.484 -0.636
-2.605 1.224 0.667 0.797
0.404 9.000 -4.100 -0.658
0.500 -0.712 0.800 -0.620
-1.408 -1.672 -0.078 -0.120
0.757 0.413 0.500 -2.640
-16.750 -1.774 1.426 -2.967
0.647 4.000 1.650 1.682
0.317 -3.083 1.286 0.079
-4.733 0.758 -1.122 -1.812
14
0.688 -0.488 0.761 -3.538
1.451 -1.396 -19.500 -0.263
0.582 -1.300 3.273 -0.368
1.045 -0.500 -0.116 -18.800
3.412 0.415 -0.574 -0.197
-0.952 1.000 -1.214 -0.198
-0.926 2.758 1.510 -2.154
0.230 -0.852 -2.571 -0.500
-3.226 -0.186 -1.754 -1.047
-1.000 1.224 -0.063 0.240
-0.060 0.793 -0.645 0.517
-50.000 -2.281 23.750 -1.273
-9.889 -0.290 2.933 -1.364
-0.038 -1.359 11.400 -0.979
14
1.176 0.169 -1.150 0.412
-2.615 1.036 -0.765 -0.087
-0.566 1.727 -3.423 -9.333
0.778 2.483 0.355 -1.805
-1.160 -0.138 1.569 -3.333
0.638 0.860 0.282 0.484
6.000 0.980 -0.191 -0.565
5.333 -57.000 -0.203 -3.917
-0.289 0.187 0.286 0.349
-0.427 1.133 -3.143 0.133
2.370 -0.088 -0.250 14.833
0.129 0.566 -0.066 -0.947
1.043 -0.472 -3.760 -1.030
0.043 -0.185 -1.630 -0.966
14
0.389 5.400 -0.667 0.587
-20.250 7.308 0.606 -11.375
1.391 -1.640 -0.662 -0.141
-0.198 -0.500 0.929 -0.047
0.767 -0.474 -0.700 -1.277
0.577 1.974 -0.932 0.678
-2.545 -5.818 0.440 1.348
-16.000 -0.294 -0.929 -0.951
0.920 1.525 -4.500 -0.267
10.250 2.900 0.098 1.523
0.605 -1.932 0.654 0.192
0.407 -0.344 -27.000 -5.091
1.698 -0.289 -2.857 -0.667
0.409 0.778 0.812 -0.146
14
4.125 -0.203 -1.464 -0.967
-0.029 -0.723 -0.043 0.593
-2.656 0.041 -0.861 -0.586
0.622 -1.123 -1.206 3.273
5.000 -32.500 5.000 0.526
0.286 -0.425 0.000 0.644
1.071 1.025 1.309 3.529
0.366 -2.062 0.857 0.981
-0.192 -1.923 -1.021 -2.452
-1.613 -2.200 0.533 -0.318
0.663 16.500 0.513 -0.146
0.357 -1.222 -0.938 -0.210
-0.347 -0.800 -0.341 -0.082
-0.652 0.795 -0.021 1.972
14
0.136 0.812 0.272 0.195
5.692 1.080 0.229 -0.742
0.812 -1.397 1.014 1.409
0.163 -0.268 -1.038 -0.489
0.804 2.316 -1.857 -2.333
-3.000 1.323 -1.195 1.188
1.312 -1.071 -0.040 1.108
0.303 1.904 -0.576 0.794
-0.736 -1.069 -1.463 1.388
-0.170 0.157 2.556 -19.667
0.128 -1.079 0.887 0.310
0.281 3.500 -0.087 -0.890
-1.081 1.034 -0.316 -17.250
1.102 1.190 -0.141 3.682
14
-0.431 0.101 -1.617 7.143
1.225 -1.394 -0.631 14.200
-1.159 7.857 0.453 0.517
0.162 -0.831 0.944 -0.647
-0.065 0.329 -2.613 -0.162
-0.881 0.267 -0.518 -5.688
-17.000 0.000 0.571 -0.125
0.640 -3.538 1.792 -1.127
-0.400 1.923 0.618 0.474
0.516 -0.470 1.308 -0.933
-0.235 -1.067 0.576 -5.067
-0.400 0.182 3.857 -0.205
-0.419 -1.556 -8.364 3.407
-0.435 -3.857 -1.375 -0.032
14
-0.205 -1.394 -6.200 -1.059
2.421 0.125 -11.333 -3.308
-1.574 0.057 0.316 3.053
-2.605 0.706 -0.809 0.530
0.500 -2.324 0.171 -0.043
-6.571 1.565 0.000 -3.379
-4.800 0.056 -1.422 3.364
-0.683 2.857 1.074 0.338
-0.656 0.091 -0.753 -2.231
-3.467 1.878 0.370 -1.105
2.862 -0.018 1.115 0.333
-2.667 0.265 2.526 -0.100
-1.085 0.680 2.179 1.814
-1.442 -3.864 6.800 -0.578
14
-6.600 0.267 19.600 0.434
23.250 0.033 1.280 0.500
-0.410 -0.487 -0.042 -1.362
2.394 0.909 -3.154 0.182
-0.681 -4.562 0.087 -0.775
-4.667 2.526 0.246 -0.574
2.025 -6.273 -0.553 13.500
0.989 1.042 -0.833 1.095
-0.683 -1.381 -0.574 -1.730
0.302 0.287 -2.265 0.803
-1.909 0.080 1.000 0.158
-1.158 -10.333 5.400 0.459
-1.490 27.000 0.424 -0.736
0.583 -0.396 2.222 -0.240
14
-1.000 0.696 4.000 -1.011
0.909 0.013 -0.571 -1.255
-1.500 -93.000 1.741 1.167
4.000 0.355 -0.735 1.129
3.364 -14.000 -1.316 -1.647
1.077 0.814 0.588 1.382
0.857 0.430 1.312 0.357
0.239 -0.055 -0.810 0.361
2.278 1.136 0.470 -0.297
-2.421 3.071 -6.143 0.440
-0.468 -1.286 0.948 1.000
-3.294 2.263 1.071 0.025
-0.362 1.000 1.654 1.745
-5.727 -7.818 0.633 -0.403
14
-0.787 1.309 0.638 -1.508
1.605 -4.130 -0.568 0.588
1.037 0.204 1.568 -0.213
8.429 1.143 2.027 3.000
-2.250 -0.265 0.785 -0.213
-0.235 -0.403 -0.811 32.000
-0.957 0.000 2.538 -0.985
-0.375 1.073 0.355 0.760
-0.538 -0.549 20.000 0.768
-1.100 -1.000 -14.750 1.450
1.971 -30.000 -1.127 1.195
2.958 1.069 0.803 -0.939
-0.837 0.596 3.200 7.889
3.091 1.545 0.726 -0.273
14
1.237 -0.763 -2.167 -5.667
0.313 0.276 1.077 -0.533
-2.077 -0.619 11.000 0.544
1.756 0.825 2.619 -3.812
1.087 2.882 -0.202 0.707
0.191 0.016 -0.781 0.407
0.822 -0.789 -13.600 -0.918
-1.290 -1.314 1.370 -2.000
1.661 -0.808 0.164 0.051
1.806 0.558 0.348 -1.217
-0.579 -3.000 -0.150 -1.118
-1.923 -28.333 0.424 -0.481
-14.667 -27.000 -2.222 0.198
0.243 -1.660 -0.433 -0.690
14
0.780 -3.200 -2.353 0.964
-0.226 1.475 -1.400 -0.095
-1.431 -0.102 0.893 4.615
2.233 -5.000 11.000 18.667
0.250 -14.500 0.750 -2.517
-2.871 1.021 -8.429 -1.377
0.879 -0.767 -1.099 1.390
-5.833 0.802 -0.810 0.487
2.118 -11.000 1.377 0.951
3.350 -2.250 -0.020 0.402
-2.684 1.426 -0.932 1.391
-1.067 0.254 0.944 -8.571
-0.730 -1.104 0.893 -0.718
-1.023 -0.671 -19.500 1.333
14
92.000 3.800 -1.396 -1.130
-1.594 0.420 0.297 32.000
1.289 -3.174 6.154 -1.200
1.846 -1.625 0.940 -0.470
-8.000 0.158 1.030 1.825
-1.145 1.069 1.556 -5.167
-1.000 1.130 -6.833 0.833
-8.300 7.250 -1.036 -0.144
-0.051 0.700 0.406 -2.171
1.059 -0.791 -5.750 -0.167
-1.333 0.923 4.900 -3.520
2.390 8.833 1.034 -0.730
-1.214 -4.150 0.095 0.337
0.649 -2.186 0.965 -1.441
14
-0.026 -3.300 -5.000 -1.057
0.026 -3.000 0.169 -1.260
0.395 -0.449 1.458 0.333
1.250 3.130 -1.149 1.147
0.022 0.781 -0.216 -0.775
1.919 -1.000 -1.000 -1.165
-5.625 -3.263 -0.209 0.043
-2.500 0.810 0.964 0.568
0.717 0.860 -0.208 0.308
0.638 0.076 -12.500 -0.103
0.485 24.667 0.000 1.264
1.300 2.100 0.000 2.195
-1.547 -0.713 6.357 -3.000
0.396 -1.263 -0.239 1.321
14
-0.029 0.797 -2.000 -1.750
-1.000 -3.773 0.877 1.000
-2.034 0.391 -16.250 0.887
0.146 0.022 -1.279 0.986
2.200 -0.122 -0.730 -1.532
-0.616 0.569 0.279 -0.346
3.700 -4.545 1.552 -0.977
-1.412 0.523 1.296 -0.917
0.577 1.021 -7.375 -4.625
15.167 0.840 -0.917 0.087
0.052 2.044 -2.750 0.978
0.772 -1.179 0.444 1.000
0.000 2.684 1.548 -1.068
0.788 -1.132 0.342 3.304
14
2.607 -0.013 0.860 0.372
-1.561 1.048 0.268 1.216
1.135 -10.333 1.375 -0.882
-2.750 -0.692 -2.091 -1.617
1.162 -18.667 -0.213 -4.250
-3.087 10.429 -0.606 -1.127
-0.429 -0.690 0.323 73.000
0.602 2.475 1.032 0.333
-1.293 0.131 -0.730 -0.984
2.792 0.435 -0.120 -7.600
-0.067 -1.020 1.922 0.933
0.022 0.955 2.486 -1.340
-2.783 0.245 -0.286 -0.618
-78.000 -1.277 0.670 1.022
14
0.383 2.250 0.907 2.265
1.872 -12.000 0.179 0.617
-1.840 -0.229 -0.885 0.333
-1.094 -0.318 1.100 0.694
-1.917 12.500 -0.385 -0.174
-2.385 0.516 0.944 0.705
-1.583 -1.196 -0.165 -0.260
0.724 0.811 -2.100 -2.061
-16.500 1.333 -0.782 4.526
-1.217 -1.604 -1.515 -5.250
1.118 -6.929 23.000 -0.451
0.742 0.361 0.786 -0.412
-3.421 2.933 2.125 -3.278
2.438 0.084 1.692 0.440
14
-0.944 1.273 -0.045 -1.375
2.697 -1.242 -3.100 -1.032
3.200 0.123 -1.011 -1.078
-2.828 -0.867 1.773 -0.303
-6.231 1.027 0.846 1.033
1.622 0.368 0.012 -0.100
52.000 0.830 -0.561 0.891
-2.116 0.830 -0.294 3.370
1.857 0.294 3.481 2.379
0.915 -1.652 13.500 0.419
-1.403 1.200 -1.412 0.448
-0.286 0.670 -0.800 0.980
-2.409 -0.789 -1.157 1.648
-0.679 8.286 -0.011 -0.408
14
-0.738 0.200 2.357 -0.427
3.750 -1.793 -0.913 0.000
2.250 1.406 -1.048 -0.808
1.149 0.083 -8.200 -8.857
-1.203 -1.238 -0.337 0.455
-1.101 -0.036 -1.297 -0.649
-0.892 0.676 0.500 -2.080
-1.000 -2.545 0.821 -2.333
-0.227 2.071 -2.147 -16.750
0.582 1.075 1.118 1.702
-0.679 1.163 1.086 0.113
-1.155 -7.455 -1.292 0.707
0.064 1.562 0.846 -0.273
-2.684 0.532 1.917 0.464
14
3.611 1.087 0.913 0.055
-0.529 -1.000 -0.292 -1.310
-0.396 -0.908 -1.000 -0.646
1.471 2.515 -1.550 0.328
0.111 -1.773 -2.000 -5.500
-1.181 0.476 1.000 -1.378
-100.000 -4.667 -0.320 -1.000
-0.352 -0.246 0.734 -13.000
0.396 -0.513 -0.284 -0.143
-2.023 -2.564 -0.418 0.794
4.087 44.500 -0.097 -0.071
0.439 -0.531 -0.033 -3.950
1.571 -1.435 -0.092 0.914
0.643 0.935 -16.333 -2.091
14
0.812 -5.000 0.095 3.280
-0.011 -0.606 -0.753 23.000
5.250 0.167 1.804 0.989
0.929 2.000 -0.082 -0.902
6.067 -0.509 -2.800 0.368
29.500 4.375 -0.195 -4.105
-40.500 1.500 -0.943 1.684
0.235 0.278 1.500 -1.636
-0.500 70.000 -1.085 0.000
1.081 0.360 -0.923 0.831
0.115 -0.323 0.560 0.517
-53.000 -0.706 0.351 -0.086
0.947 -21.000 -1.444 -0.622
0.203 -0.061 0.681 -1.458
14
0.662 -0.911 -1.550 -0.632
0.115 1.167 0.393 6.500
-1.000 0.720 0.253 0.780
-0.162 1.464 0.263 -0.061
-0.826 -2.286 1.343 1.080
-0.194 -0.267 -1.444 1.292
2.605 0.696 3.083 -1.000
-5.083 -0.620 1.667 -0.767
-0.895 -0.026 0.373 0.469
-0.339 -4.750 -0.404 -0.951
-1.020 0.958 0.815 1.000
0.711 -1.055 0.227 1.100
2.355 2.182 0.440 2.265
1.254 -0.273 -0.171 4.261
0
