14
0.386 0.490 -0.812 7.583
0.978 -0.296 -8.818 0.073
0.793 2.688 1.714 2.941
-0.670 -1.062 -1.175 15.000
-1.833 -1.216 0.522 0.400
0.042 -0.033 2.667 0.613
-1.375 0.688 0.705 0.343
-2.130 -0.381 1.040 0.544
-0.020 -0.438 -0.597 0.301
-1.477 0.045 -0.652 1.880
-1.429 1.288 -6.000 0.766
0.444 1.689 1.463 0.000
-0.542 0.556 6.714 -0.735
-1.769 0.300 3.429 -3.391
14
1.741 2.552 0.590 0.000
2.568 -1.418 0.032 -0.234
-1.354 1.000 -0.059 -0.238
-1.500 1.230 -1.743 -0.776
1.072 0.421 3.667 3.593
0.725 1.591 -13.167 -0.087
1.177 0.350 0.327 -0.551
-1.509 0.750 -0.203 -0.172
-0.250 -0.389 0.000 -0.455
-0.882 -1.508 68.000 -1.407
-0.902 0.539 0.706 0.333
0.485 -0.407 2.053 -2.368
-1.056 0.058 0.662 0.800
-1.323 -1.524 3.111 1.618
14
0.761 -3.050 1.314 -2.083
0.042 -1.263 -2.812 -0.947
-0.290 1.846 0.370 -17.000
-1.160 -1.045 -1.348 -0.294
-3.500 1.224 0.446 1.300
-3.333 -6.091 -3.786 -2.071
0.310 1.115 -1.540 0.779
-20.000 6.750 -1.122 -0.833
-0.055 -2.118 1.364 -0.012
1.242 -1.262 -0.642 0.658
-0.073 -0.869 1.345 -0.119
1.083 -0.450 -0.910 -1.000
4.217 -0.588 -1.000 0.111
0.282 -1.600 -4.071 0.190
14
4.619 1.524 -4.056 0.070
1.358 4.556 -0.778 -5.000
-0.679 -1.036 19.600 -0.170
-0.227 -1.111 0.740 -0.500
0.208 -2.089 0.535 -1.667
-1.012 0.851 0.278 -0.301
0.798 -0.191 -0.442 1.536
0.109 -0.702 -1.375 -28.333
-1.244 1.259 1.074 3.444
2.206 -1.130 -0.167 0.795
-1.818 -3.550 -0.922 0.571
-4.091 5.067 -0.926 0.875
-1.148 1.250 -0.250 1.025
-4.667 -0.506 0.410 0.500
14
1.556 2.351 -3.241 -1.685
-2.074 0.432 1.269 0.778
23.500 4.857 -3.100 -0.103
0.250 -0.515 0.170 -0.866
3.941 2.440 -1.036 1.063
6.167 -0.430 -0.523 -0.958
-1.179 -0.484 0.222 -0.569
-3.077 3.000 -1.089 0.031
0.518 0.089 1.276 -0.656
-1.167 1.635 1.000 -0.480
-0.348 0.211 -1.500 0.900
0.412 -0.139 -1.400 -2.613
0.115 -4.917 0.163 -0.860
-0.447 -0.870 0.429 0.507
14
-1.667 1.141 -0.178 -1.229
0.719 1.316 1.575 -5.333
-2.087 -0.427 0.740 9.750
0.016 -1.722 -0.939 -1.056
-0.456 1.904 -3.600 3.423
-5.727 0.119 -0.281 -0.173
18.750 0.286 0.310 -0.787
-1.444 0.954 1.694 -1.691
0.115 -0.684 1.519 -5.533
-0.707 -4.857 -70.000 -1.958
0.312 2.222 0.029 -2.562
2.045 -0.298 -4.667 0.170
11.000 0.250 -1.000 -0.618
-0.042 -0.379 1.792 1.932
14
-3.000 0.333 -2.111 -1.350
-1.407 0.214 -1.220 4.647
3.385 0.878 -0.983 -4.000
-6.111 1.099 -1.060 -1.439
0.607 -5.214 2.000 -1.159
2.696 0.700 0.193 2.622
-1.263 -1.672 -0.926 -3.379
1.153 1.294 -1.229 -1.214
1.087 -1.244 3.808 5.636
7.833 -0.706 0.711 -10.400
-0.486 -0.236 0.256 26.000
-0.451 0.000 -0.443 -5.556
7.000 -0.267 1.346 2.966
6.267 -0.216 1.200 -0.662
14
-0.297 -1.000 -1.000 0.760
-1.944 1.192 0.077 1.217
-0.774 0.687 1.872 1.115
-2.300 -0.333 -15.667 -3.536
-1.000 20.750 -1.069 0.797
-6.800 3.208 2.000 -0.253
1.500 -0.087 -0.409 9.833
-7.417 -25.667 -0.155 -1.593
0.348 -2.500 2.905 1.673
0.371 3.292 0.235 -0.945
-3.160 -0.050 0.976 -1.700
0.080 -2.237 1.525 0.632
1.524 -0.762 -0.600 -1.041
-0.364 0.652 -0.929 2.400
14
-1.691 -2.290 0.214 -0.333
-0.774 -2.136 -1.795 -0.614
-0.600 -21.500 -4.000 1.640
-0.025 2.381 -0.103 -0.627
-2.824 0.733 -0.581 -0.286
1.055 0.805 -0.264 -0.573
-1.053 0.354 2.361 -0.938
-0.245 0.034 -0.600 -1.611
0.811 -1.643 -0.716 -5.800
4.158 -0.043 -0.921 -1.233
3.760 1.278 80.000 1.680
0.808 -0.674 2.086 1.667
4.125 -1.057 30.000 -0.254
0.296 -0.212 -0.764 -0.725
14
-7.800 0.537 -0.328 0.805
0.113 -0.714 -0.905 0.155
0.889 -7.375 1.641 6.333
-1.083 -0.054 -0.814 1.878
-0.087 -6.188 0.747 3.226
-0.911 0.244 -0.812 -0.746
-0.816 -0.135 1.458 0.714
0.214 0.760 3.500 1.270
-1.356 -1.057 0.143 1.508
-2.969 -0.917 -1.517 -0.460
-3.800 -1.429 1.386 -0.140
1.786 -0.809 -1.816 0.069
-4.867 0.176 -0.258 -1.577
1.435 4.286 0.077 -0.694
14
0.448 -1.122 2.231 -3.364
-1.224 -0.518 1.727 -0.882
-3.600 -0.065 2.091 -0.178
0.648 -0.522 0.615 -4.300
-0.078 -0.889 -0.782 0.233
1.343 23.250 0.186 -0.558
-1.310 -0.407 0.803 -2.257
-3.778 0.188 -1.596 0.096
-0.472 1.979 1.820 0.354
1.247 -12.833 -1.000 0.372
-0.370 3.167 0.840 2.238
-0.262 -0.047 1.340 1.556
-1.308 -4.286 0.231 -0.205
-1.231 1.875 -0.455 0.480
14
28.500 -4.250 2.941 2.889
-0.535 1.650 -0.384 -0.100
-0.700 -0.415 -4.368 0.844
0.417 -0.556 -2.400 -1.547
0.576 -0.023 3.077 -0.852
0.582 -1.476 -3.308 -0.787
0.696 0.745 -15.000 -0.578
-1.172 1.467 15.000 1.938
-1.525 -0.859 4.636 0.978
3.533 -0.351 1.902 0.988
-0.985 4.286 -1.107 1.600
3.444 -18.000 -0.840 -1.364
-0.350 0.295 0.349 -0.088
-0.010 -0.915 0.100 2.091
14
0.682 0.618 1.740 1.412
-14.750 -0.970 -1.072 2.500
-1.000 1.587 4.375 0.021
-0.720 3.000 -0.613 1.143
-0.774 2.231 1.300 -0.672
-3.000 -0.524 0.630 -1.583
0.477 0.230 2.056 2.448
-3.538 -1.434 -1.727 -0.242
-0.874 3.333 0.272 1.162
-0.472 -0.600 -0.207 0.162
0.597 -17.000 -1.176 0.965
-1.241 -0.913 -1.607 0.232
-0.593 -0.096 1.636 -0.391
0.308 1.211 -1.156 -1.881
14
-0.732 1.296 -1.906 -0.435
0.323 -0.424 -3.958 -0.489
0.446 -2.920 -0.826 0.328
-2.458 1.360 -0.275 3.800
-1.327 -0.329 -0.429 1.097
0.651 0.273 0.722 -0.364
0.680 2.844 0.723 -4.500
1.658 1.648 -1.140 0.678
-0.467 -0.057 -0.851 1.089
-10.625 -0.929 0.300 5.105
0.971 -1.022 0.418 3.652
-0.515 2.771 -1.328 -0.123
-1.183 1.333 0.810 3.125
1.118 -3.750 -0.581 -1.222
14
1.200 2.343 1.897 3.909
-1.224 1.185 -4.312 0.000
-0.598 1.429 -0.828 -0.268
1.275 -1.667 0.508 -1.026
-0.418 0.439 0.970 0.756
2.700 0.243 -1.512 0.482
-1.370 4.733 -2.864 2.629
0.611 2.750 -0.978 -1.113
4.118 -0.926 0.208 -1.000
0.321 0.551 -2.000 -10.500
-0.490 -0.938 -0.375 -1.289
-2.238 -0.802 0.128 -0.889
-0.649 -0.200 0.647 -0.371
-7.909 0.328 -0.012 1.870
14
-1.056 4.250 -1.296 -4.545
-0.736 1.159 4.875 -0.013
0.580 -0.971 0.214 1.733
16.500 1.111 0.224 0.196
6.000 -2.458 1.029 3.464
-7.667 0.167 -3.923 1.175
0.886 -4.000 -0.460 -5.556
0.581 1.833 -2.938 -1.558
0.031 -0.956 -2.133 0.165
-0.442 1.923 -0.194 0.722
-1.164 -0.052 0.768 2.186
0.380 -0.778 -0.293 0.623
-0.446 2.933 -1.414 -5.444
-6.333 0.700 0.768 0.302
14
0.610 -1.043 -0.257 0.261
1.548 0.763 -6.786 -1.023
-4.000 1.371 0.082 0.882
4.227 -1.593 -0.326 0.129
-1.192 1.574 4.462 -0.708
-0.912 -0.127 0.979 -3.207
-5.000 1.889 3.133 0.190
45.000 -1.853 -1.122 5.500
0.136 0.100 -0.860 -14.800
0.233 -1.544 1.519 -13.714
-1.111 -1.919 -0.327 -0.405
-1.315 -11.600 10.333 -0.972
-1.560 1.771 -0.146 36.500
-0.564 1.018 7.444 -0.983
14
15.500 -0.596 0.364 -17.800
-1.442 -2.087 0.576 -1.755
-4.267 0.263 1.370 0.693
-0.939 -1.300 0.968 0.781
-1.641 0.264 -0.537 0.046
-5.571 0.253 1.667 0.015
0.897 2.324 0.568 0.425
-3.958 -0.260 -1.234 0.757
-5.824 0.483 -2.714 -0.658
-2.067 -3.941 0.767 -0.809
-3.207 0.873 1.242 0.533
2.643 3.750 0.739 0.789
-1.228 0.435 -10.500 -0.101
7.000 -0.500 0.514 0.826
14
-0.385 -0.536 0.200 -0.589
-3.737 1.373 1.225 -1.386
-8.556 -1.321 -0.482 -0.403
-0.620 -0.766 -0.778 -5.933
-1.776 0.557 1.444 -0.111
0.356 -12.000 0.303 0.085
-0.444 -0.486 4.045 1.029
-4.800 -2.875 1.059 0.518
-1.477 2.429 0.697 0.532
-1.333 0.773 -2.321 1.259
-0.492 1.564 -1.000 0.446
-0.392 -0.217 -1.595 2.200
3.407 0.409 1.305 -1.812
-0.407 -0.149 -2.160 21.667
14
-1.028 0.300 1.840 0.108
0.732 0.650 1.884 0.659
-1.100 0.984 0.267 -0.338
-2.960 18.800 0.040 -0.216
-2.444 -4.429 0.081 0.500
-0.357 -0.627 -0.043 6.929
4.158 -2.688 -0.167 1.548
-5.867 0.552 -1.264 0.178
-0.688 -5.000 2.762 -0.300
1.508 1.562 2.120 0.343
0.182 -1.194 4.889 -2.069
0.232 0.256 5.500 -0.464
1.854 1.000 -1.123 0.969
-1.319 1.371 -13.000 2.366
14
-2.121 0.636 0.951 -67.000
0.033 -0.340 0.010 0.375
0.275 4.417 0.217 -1.274
1.600 -0.264 4.188 0.025
7.500 -0.886 -0.122 0.194
1.281 -1.149 0.830 1.410
0.176 -3.923 -0.282 16.000
-1.571 0.132 -1.510 -0.642
-2.649 -0.227 1.414 -1.118
-1.622 1.508 -1.516 -0.361
0.698 0.673 -2.938 -0.988
-1.032 -2.306 -1.250 0.829
-0.417 0.269 -0.186 -0.727
-4.261 -2.278 0.063 8.429
14
1.182 0.842 0.297 0.048
2.088 -0.163 1.861 1.857
-0.778 8.333 1.036 4.571
3.286 -0.229 1.340 1.571
0.408 0.280 1.548 1.030
-1.966 -1.571 2.667 0.186
5.600 1.062 0.000 0.438
-3.955 3.250 -1.900 1.853
-3.097 0.565 1.902 0.167
-0.750 -0.764 -0.614 1.953
-0.259 1.875 22.500 -2.000
-0.871 -2.459 -5.600 -16.167
-0.833 -0.312 0.042 -1.804
8.000 0.082 -1.210 -2.864
14
-0.917 1.181 0.329 -0.703
29.667 1.300 -0.866 0.643
-0.889 0.625 0.691 0.357
-4.950 0.194 0.212 -0.089
-0.965 1.627 14.750 -0.942
-1.145 1.444 -2.312 -1.745
0.099 -0.825 -3.143 31.000
-0.667 0.912 1.288 -1.279
0.108 -0.421 -1.571 -0.621
5.800 -1.044 0.857 -0.754
-0.562 -1.938 0.269 -2.893
-0.988 0.656 -5.000 -1.062
-5.188 0.901 -0.753 -5.765
-0.892 -0.626 -0.300 -2.026
14
0.754 -1.900 2.571 -17.800
-6.462 1.169 -3.407 0.839
-0.077 0.444 1.551 -7.143
2.062 -0.302 0.344 -0.612
2.824 2.647 2.789 -0.875
-0.224 3.000 -1.667 0.909
0.156 1.880 0.212 -0.462
-2.129 0.239 -1.730 0.000
-0.560 1.071 -1.380 25.000
-0.578 -0.103 -1.522 -0.319
0.133 0.037 -82.000 -1.611
0.788 -1.093 1.311 -0.083
-0.663 -0.540 -1.796 -1.375
0.695 -1.209 -0.638 -2.964
14
2.353 1.515 -0.031 0.576
-26.000 -0.760 2.250 22.000
0.600 -0.179 1.140 1.962
0.436 -0.451 -2.261 -1.541
0.367 -99.000 0.500 0.134
0.513 0.538 -9.667 -3.800
0.796 -1.413 -1.255 0.529
-0.088 -0.646 -0.571 -1.755
-0.060 -0.110 0.217 -0.429
7.917 1.830 -1.733 -0.873
-0.500 -0.294 -1.340 2.968
-0.457 -1.319 0.783 -2.667
8.273 0.383 -5.312 -0.212
-0.169 -1.396 0.907 -0.306
14
1.561 0.568 1.455 0.513
-0.101 -0.654 -1.361 1.222
-5.357 0.618 -2.667 1.032
-3.321 -1.462 0.667 -0.396
-1.105 -0.962 -0.419 -1.021
-0.300 0.667 1.086 0.582
-5.882 -1.315 0.195 -14.000
0.456 -0.910 -3.200 1.059
6.444 -0.585 -4.176 0.683
0.455 -0.016 -1.512 1.259
15.200 -2.632 0.158 -1.786
0.800 1.051 1.000 -0.887
-1.137 0.895 -0.232 -0.674
0.946 -0.759 0.081 0.134
14
14.000 0.000 0.356 -2.667
-2.070 0.925 10.000 1.423
-0.879 -0.153 0.103 -0.971
-1.696 -0.154 -1.429 -2.111
-0.225 -1.086 1.350 2.000
0.250 -0.115 -0.500 -0.739
3.375 0.272 -0.031 0.182
-1.214 -2.159 0.716 -0.475
-2.238 1.941 -3.577 0.156
-0.609 -2.680 -1.100 3.667
-0.300 -1.219 8.667 -1.031
9.143 -0.325 -1.019 -1.125
0.610 1.186 -0.722 2.379
-0.220 0.234 -2.588 0.057
14
2.216 5.000 -0.786 2.389
-0.987 0.629 -0.135 -0.297
-0.881 -4.000 2.688 -2.957
-26.000 1.500 2.562 0.938
-0.700 -1.621 -0.306 0.798
-0.667 1.929 0.186 55.000
-3.857 -0.922 -0.433 7.091
-0.147 2.188 -0.500 0.000
-2.133 0.680 -0.719 -1.452
0.286 -0.255 1.209 -6.000
-0.571 -1.623 0.518 0.649
-1.532 3.867 -0.250 3.714
0.699 1.291 0.918 2.310
-9.125 0.460 2.163 15.667
14
0.891 1.455 -0.938 1.444
0.122 -5.118 0.393 -1.938
2.043 -0.541 0.573 13.857
-1.256 -0.103 2.515 0.802
6.750 1.226 -0.534 -2.333
-1.203 0.648 1.781 2.000
2.900 -0.927 -3.000 -4.812
4.056 0.375 -12.500 1.940
8.333 -2.667 1.290 0.579
-0.417 0.111 1.711 -0.615
0.446 19.000 -3.238 -2.000
7.385 1.267 -12.125 -0.357
0.824 -0.407 -0.667 -0.333
-0.989 -2.500 -0.012 2.150
14
-1.469 10.111 1.300 0.760
0.111 -0.909 0.500 -0.884
1.537 -0.153 0.402 1.878
4.333 9.250 -0.607 -0.516
0.067 2.333 -2.654 0.688
-0.634 0.854 -0.856 4.647
-1.043 -3.100 1.019 2.400
-0.169 -1.500 -0.143 -0.938
-0.224 -0.340 3.304 1.654
-5.571 0.911 2.158 -1.156
1.297 1.605 0.029 0.394
2.917 -0.371 -1.057 1.022
1.667 -0.613 -27.500 0.806
0.600 3.176 -1.458 -0.556
0
