14
0.320 -2.222 47.000 0.378
1.315 -0.246 -0.965 0.330
-5.500 -1.351 0.304 -0.031
0.338 1.141 0.652 3.636
-0.180 -0.217 -1.361 -0.188
0.376 -1.192 6.750 -0.575
-6.000 1.674 2.929 0.057
-3.640 -0.319 -0.343 -1.800
-0.540 1.095 -2.088 -0.103
-0.840 1.073 -0.926 -5.727
0.102 -0.893 -2.929 12.250
-0.671 -1.463 15.667 0.939
0.192 3.414 1.188 -0.591
1.667 -0.362 0.333 -0.351
14
0.280 1.964 -0.786 -0.536
0.949 0.080 -5.053 -0.026
0.515 0.478 -1.078 1.302
0.949 0.441 0.293 -2.256
-0.044 -0.542 -1.222 7.000
-1.156 0.031 0.871 -0.506
-0.873 -0.640 0.521 3.538
-0.345 1.049 -0.982 0.942
-0.983 -1.375 0.000 -0.215
-2.175 2.450 0.976 -1.911
8.000 1.258 0.048 -3.680
1.103 -10.111 4.263 6.667
-2.818 -1.463 -3.269 -25.000
17.000 1.391 -2.125 -6.200
14
0.883 0.758 -5.263 -0.039
2.022 -9.500 0.743 0.575
-2.316 0.836 0.739 1.581
-2.600 0.829 -3.850 1.692
-5.308 -0.120 0.040 -1.000
0.857 -2.286 0.051 0.892
12.000 2.696 0.859 2.459
-0.593 -0.147 -0.735 26.000
-2.351 -1.872 -1.650 1.154
1.000 1.467 -2.500 0.773
1.136 -2.417 1.475 -0.500
-0.910 3.038 0.373 -1.000
0.750 -1.941 -5.000 -10.000
2.105 0.821 -0.524 -0.500
14
-3.217 -0.897 -2.000 -0.625
-0.571 0.969 3.500 -1.727
3.519 85.000 -1.028 1.012
-29.000 0.135 0.022 -1.492
4.125 -2.114 -2.000 0.081
-0.026 -3.214 0.737 -0.519
0.427 -0.523 -0.958 -0.389
0.400 1.674 -0.093 2.407
0.052 0.872 0.137 -0.155
2.050 0.349 -5.167 0.394
-1.621 -1.156 1.255 0.815
-0.280 0.209 0.211 3.300
-0.462 -1.171 -0.358 -0.750
1.639 -0.108 0.703 -0.283
14
-1.333 -1.077 -1.000 0.268
0.351 -4.722 0.092 0.427
0.978 -0.250 -0.489 0.312
0.349 14.750 0.733 -0.694
0.237 0.621 20.500 1.269
2.067 -1.000 -1.000 1.700
0.740 -0.582 -1.500 -1.974
0.178 -12.000 -0.647 0.959
1.032 0.797 79.000 -0.680
-0.299 0.931 -0.111 -0.827
-0.585 -0.494 -0.040 -0.890
0.892 -0.377 -1.169 -3.360
-1.208 -13.200 -4.364 -0.150
0.383 -8.700 -1.333 20.750
14
0.565 2.438 0.768 -1.118
-1.022 0.852 0.300 -0.404
2.050 0.366 -0.337 4.095
0.500 0.697 -19.500 -1.263
5.667 0.155 -0.658 -4.667
-3.208 -0.505 -0.859 -7.125
1.959 3.471 -0.945 -1.543
-0.814 -2.625 -0.679 -1.390
0.778 3.650 1.338 -0.667
0.868 1.673 -49.500 0.578
3.294 -3.455 -1.288 0.161
-0.061 1.583 -1.364 -4.000
10.714 -4.750 0.958 1.308
6.000 1.425 -1.250 -1.138
14
4.000 0.802 1.133 0.576
-2.250 -1.167 0.222 -1.586
-1.244 0.585 0.904 1.970
0.172 0.182 -0.590 -0.457
0.413 -0.234 -0.606 6.500
1.354 2.037 3.840 -0.778
0.043 -8.667 1.706 -0.444
-4.000 1.136 -0.789 0.530
1.522 0.106 0.482 0.509
5.000 -0.115 -2.068 -1.167
-0.347 0.895 0.162 0.492
1.111 0.104 -0.031 0.184
-1.560 -8.667 -0.583 0.771
0.146 -0.553 4.118 2.786
14
0.233 -1.860 -2.065 -1.033
10.750 1.897 3.565 1.224
-0.741 -1.880 -4.600 -1.170
-2.950 0.900 -0.304 -0.963
-3.000 -0.566 -0.487 0.081
1.420 13.000 0.739 -3.074
-1.000 0.843 0.394 1.600
0.556 0.789 0.667 1.421
-0.198 -10.333 0.585 -1.000
-0.493 0.047 0.917 0.433
-4.818 -1.591 2.500 -0.515
-7.083 1.415 8.444 1.830
-3.478 1.972 -0.313 -1.400
-0.038 -0.459 -1.476 -4.043
14
-63.000 2.344 -2.273 -0.030
3.160 3.833 -0.137 10.600
0.044 -2.321 1.215 0.231
3.481 2.227 -0.266 0.059
0.057 3.435 -19.667 0.406
1.532 1.181 -2.636 0.323
-0.333 -2.182 -2.853 -0.693
0.328 -1.708 -1.069 17.500
-8.000 1.283 1.450 13.333
0.500 -2.870 -0.574 2.414
1.255 1.048 0.614 0.120
1.500 0.907 -5.250 -0.978
-0.556 0.130 0.400 0.179
0.586 -1.250 0.778 -0.800
14
1.182 -2.308 -6.222 -0.345
0.943 -0.169 0.958 -0.453
0.060 -1.326 -3.526 -0.917
-1.315 0.037 -0.531 0.966
-5.933 -1.125 2.211 0.656
-1.786 1.071 -3.538 1.824
0.651 -1.875 1.296 4.091
3.400 -6.000 0.805 -1.382
0.887 0.620 -0.657 -0.881
-0.284 1.395 -1.860 -0.135
0.700 0.421 0.778 0.159
-1.089 -2.195 -2.611 -0.794
1.750 -28.000 -2.500 -2.333
-0.808 1.208 0.218 3.938
14
0.294 -0.957 -1.738 -0.014
-0.506 2.100 2.064 0.140
-1.250 -0.393 -3.786 -0.854
-1.923 25.000 4.158 0.031
1.047 -2.000 -0.239 -0.129
0.122 0.567 31.667 -1.171
0.408 -1.600 1.431 0.295
0.845 1.101 -1.245 0.667
1.012 31.000 -0.970 -2.417
-0.383 -1.778 2.941 -3.000
-0.829 -9.500 0.569 1.811
-0.235 38.500 -1.284 0.200
0.808 0.754 7.500 1.435
-0.750 9.000 1.364 4.812
14
1.108 10.625 -0.657 7.909
-0.087 -0.780 -0.635 0.528
-0.245 -0.100 0.863 0.154
0.550 -65.000 -2.970 -4.429
-1.729 1.227 13.000 -1.475
-1.143 0.233 -0.188 0.246
2.025 -0.263 -0.488 -16.000
0.984 -0.600 -0.327 0.071
3.050 -0.012 1.013 -0.030
-2.759 1.643 -0.659 -1.130
0.958 0.216 -15.250 -1.492
0.639 1.136 0.647 1.072
-3.867 4.444 -1.354 9.400
-1.377 -6.333 0.141 1.333
14
-2.900 -0.875 28.000 0.400
4.333 -0.313 -0.217 6.071
-0.068 -5.267 0.663 0.333
69.000 37.000 -0.653 0.286
4.625 1.476 0.333 0.625
1.350 0.011 9.333 -1.308
0.969 -1.032 0.909 1.775
1.538 0.333 1.255 1.118
-0.706 -0.291 -2.098 -1.579
-2.323 0.568 2.649 1.919
-0.158 3.778 1.253 -0.055
-2.317 -0.095 -0.116 -1.385
11.375 0.712 -1.301 0.093
-0.416 -20.333 -0.575 -0.351
14
-0.242 -1.229 4.429 -0.455
-18.600 0.158 0.374 0.889
-4.235 0.390 -5.111 0.308
0.529 -1.800 -0.102 1.459
-0.603 0.541 81.000 -11.333
1.650 -1.018 2.190 0.062
-0.463 -1.535 0.000 1.282
-0.865 27.667 -0.947 -0.539
-1.167 0.543 -0.232 8.000
-2.378 0.218 -1.222 1.270
-3.500 -0.019 -1.612 -0.109
-3.500 4.800 -0.944 0.323
-0.839 0.460 1.576 0.745
-0.667 -3.600 0.423 -5.000
14
-1.500 0.258 0.350 -3.263
-1.464 -0.562 -0.598 -0.680
-0.406 -0.071 -0.743 2.677
2.700 -1.000 1.041 16.333
1.279 0.168 -0.780 1.042
0.892 -0.583 -0.556 0.036
1.476 -1.133 -3.842 1.839
0.953 2.889 -0.438 -3.167
-2.556 0.781 1.118 0.776
1.195 -0.600 -7.500 -1.077
-0.667 0.600 -0.760 1.159
-0.511 5.556 -0.371 0.767
-0.929 -2.636 -1.175 -0.457
0.392 -1.156 -0.667 0.000
14
9.000 21.667 0.778 -40.000
0.065 1.000 -3.320 -0.115
-0.598 -2.273 16.000 -2.480
32.500 0.667 -3.600 -0.987
-0.884 3.094 -0.582 1.070
-2.486 3.000 -0.279 -0.637
2.176 -4.941 1.900 -1.164
0.562 -2.667 0.188 -0.847
-2.840 -3.800 -15.600 2.714
-1.125 2.800 1.218 -0.308
-1.707 3.615 7.500 1.586
0.362 -1.045 -2.389 -0.725
0.167 -0.402 -0.193 0.857
0.604 -0.309 0.280 0.701
14
-0.020 1.149 -0.706 -5.000
0.791 0.183 0.400 -0.400
1.500 0.328 -3.190 1.750
0.478 -0.593 1.476 0.734
-0.510 2.233 -1.800 1.429
-1.268 -1.381 1.655 -0.558
-1.636 1.177 1.371 2.147
4.048 1.518 0.845 -1.226
-0.538 0.747 -0.745 -0.744
-0.545 -2.333 -0.288 4.900
-2.778 -1.012 0.857 3.200
-0.273 -3.103 -0.263 -0.308
-0.333 1.229 12.500 -0.980
-2.500 -1.254 -1.018 -11.833
14
1.583 0.892 1.651 0.451
15.500 -0.835 0.618 2.000
-11.375 -0.457 -0.692 -0.340
4.526 0.154 -0.190 0.630
-0.600 -0.082 1.548 -4.947
0.582 2.000 1.030 2.273
-0.240 -1.545 3.818 -4.889
6.727 0.040 1.213 -2.146
-0.120 -0.880 0.923 0.979
-1.391 -0.843 -0.333 -3.562
0.224 -0.610 1.235 2.071
1.632 -1.116 -0.310 -0.022
2.043 2.444 0.159 -1.017
-6.286 -0.704 -1.194 1.000
14
-1.382 -5.286 1.032 -0.228
-0.189 1.403 -1.917 -0.988
-2.028 -0.680 1.778 3.769
-0.975 0.105 -13.500 3.062
-0.282 -0.365 -6.929 0.667
-2.179 -5.889 -0.851 0.583
1.262 1.515 -0.215 1.500
0.760 0.235 -0.557 0.684
0.190 -1.579 0.846 -1.145
-0.570 -5.000 13.143 -1.323
-10.778 -4.357 0.533 -0.911
1.446 -0.563 2.208 0.318
1.306 -0.185 2.279 -0.939
0.317 -0.215 -2.000 0.880
14
0.768 -11.000 -4.571 -2.222
-0.317 1.750 -0.711 -1.429
-3.750 -0.167 -3.550 1.244
-4.211 0.135 -0.708 -1.040
2.241 -2.485 0.158 -1.698
-0.438 8.167 0.463 0.434
0.633 -1.404 0.818 1.095
3.909 -2.649 -0.820 1.887
-2.310 0.167 0.185 1.339
-26.667 0.913 -5.688 -0.551
-1.761 -3.727 -32.000 -0.253
-0.623 0.865 -6.714 0.167
-0.620 0.859 0.730 0.840
0.083 1.615 0.635 0.222
14
-1.837 -0.778 1.024 -0.303
0.649 -7.750 -0.796 -28.667
1.222 1.083 -1.889 0.767
0.796 -1.162 -0.296 -6.333
-3.619 -1.038 -1.000 -0.051
0.246 0.711 1.135 -0.537
0.859 -22.500 0.361 1.151
10.571 0.733 -2.727 -0.969
1.386 0.337 0.429 0.469
-0.972 1.211 0.538 -4.667
1.353 -0.695 -0.045 -1.243
1.450 1.500 -1.350 0.324
2.611 1.000 2.909 0.890
-0.011 -1.458 6.750 0.711
14
-1.758 0.011 -1.111 0.124
1.769 -0.891 -0.041 0.667
-1.054 -1.102 1.682 3.818
0.000 -20.000 1.197 -2.286
1.417 0.226 0.426 -0.404
-0.964 -0.049 0.417 1.062
-1.029 0.610 0.055 5.083
-1.032 1.250 1.094 -0.349
4.750 -1.226 -1.600 -2.720
0.745 8.556 -2.026 -2.667
0.766 0.831 0.011 4.133
-0.288 2.091 -2.321 -1.452
1.310 2.000 0.511 -0.237
0.639 5.857 -1.449 -7.000
14
-0.296 0.246 0.854 -1.267
15.800 -0.378 0.787 1.396
4.950 1.221 -0.772 0.544
1.672 -14.000 1.051 -3.500
0.096 12.000 0.667 0.794
-1.519 -0.193 -2.938 -0.241
-0.590 0.234 -2.789 -25.500
-0.468 -0.842 2.484 -0.744
0.745 -1.212 0.321 12.400
0.600 -0.964 17.000 -1.417
-23.250 -1.093 11.143 0.952
0.913 5.467 0.640 -1.094
0.981 -2.143 0.667 0.098
-0.889 -0.304 -1.231 -1.711
14
-1.171 0.241 1.250 1.167
-1.571 -1.476 -0.789 -17.500
7.000 -0.061 0.871 1.491
-0.317 1.308 -0.095 0.556
-0.426 1.978 0.469 0.027
-2.719 0.830 10.167 -0.518
0.459 2.400 -0.678 1.591
1.400 43.500 2.556 -0.527
-7.909 -1.027 -1.250 -7.444
-0.747 -0.143 1.212 0.414
0.270 -1.491 -0.412 -0.791
3.588 2.268 0.412 0.562
1.304 -1.500 -2.538 1.957
-2.500 1.161 -1.582 0.723
14
0.814 -0.773 2.682 0.540
0.667 -12.286 0.200 0.143
3.133 2.500 0.600 0.883
-0.530 1.792 0.976 1.048
-0.795 -3.143 -1.012 -2.024
-0.469 0.098 0.203 0.726
0.857 2.400 -1.029 1.232
-0.200 -1.250 -1.488 0.128
-0.667 -1.190 2.064 6.800
-0.833 -1.650 -0.212 -0.020
-1.258 3.083 -1.757 -1.051
-5.625 -1.197 4.857 0.279
2.143 0.951 -0.827 -0.620
2.138 -2.962 0.790 -1.057
14
1.106 0.203 0.333 -0.860
1.931 1.071 -2.000 1.333
1.462 1.593 -0.531 0.167
3.870 -5.667 0.124 -0.866
-0.582 -0.017 2.333 1.551
0.990 -0.935 1.500 6.571
-2.342 0.410 -0.328 -0.073
-1.055 7.500 -10.111 -1.315
6.400 -0.608 -6.500 1.119
0.247 -0.905 -0.855 -0.273
0.125 -0.277 1.408 -2.094
-0.031 0.842 12.429 -1.452
1.562 -1.318 1.390 0.136
2.333 -0.167 -0.121 6.188
14
1.492 2.750 -1.160 1.854
0.781 2.000 5.688 -0.360
2.423 1.571 2.163 0.020
-2.194 -2.000 1.182 -0.394
-3.448 0.351 -1.850 1.041
-0.821 0.490 -0.612 -4.667
-2.783 -0.432 -0.919 1.667
-6.250 3.733 0.303 -5.375
8.000 -1.941 -2.625 -3.783
1.290 -0.189 -0.826 -26.000
0.942 -0.259 -1.282 1.214
1.157 -0.907 1.182 1.676
3.542 4.350 -0.892 4.529
0.560 -0.255 -1.458 0.949
14
-1.658 1.222 -5.091 0.866
-0.190 -0.168 1.114 -1.526
-3.429 -0.729 -1.421 -1.964
6.250 -0.643 -0.522 -2.214
1.588 -0.520 -0.823 1.958
-0.581 0.500 3.000 -0.532
-2.917 1.621 0.351 -0.229
-2.000 -0.365 2.091 1.316
-0.703 1.390 0.219 -2.500
0.109 -0.468 -1.316 1.414
-0.698 -0.805 -0.241 -1.000
-2.474 -0.713 -0.889 1.743
-1.311 -0.450 1.875 1.730
0.273 0.633 -0.294 1.596
14
0.468 -3.941 0.857 -1.800
0.951 -3.000 0.459 0.157
1.000 -1.265 -1.500 0.217
-1.014 0.254 0.667 2.484
-3.038 1.087 0.583 -0.833
2.786 -46.500 1.567 0.791
-0.457 -1.247 -0.282 2.455
-1.041 -1.826 0.298 -0.746
0.667 0.556 0.652 -0.172
-0.764 -1.426 -0.730 -3.579
-3.042 -0.284 -27.000 0.677
5.083 -0.852 0.741 1.215
-1.692 -1.833 -10.833 -0.219
0.484 -0.458 2.026 0.450
14
-0.592 2.000 1.083 -0.071
-0.031 -3.640 -1.913 -0.034
0.136 -1.367 -24.250 -0.623
0.495 -3.316 2.571 1.815
-0.848 -0.859 -1.587 -5.235
0.152 0.827 -6.643 -0.515
-1.535 -0.648 0.138 -1.091
-1.448 0.026 0.609 -0.712
-1.043 -0.279 -18.000 -1.440
0.088 2.667 0.347 1.800
1.298 -0.469 0.961 -8.833
-0.674 -0.108 -0.225 -18.750
0.877 11.800 -2.765 0.127
0.239 -1.811 -0.468 0.778
14
4.500 -1.623 0.753 1.544
-0.554 1.164 2.484 -3.185
-0.461 -0.944 12.600 3.500
-1.026 0.346 -23.333 -0.986
3.233 1.362 -0.719 5.000
0.941 0.560 1.800 -1.333
1.407 1.262 0.877 -0.105
2.576 -0.023 -0.689 0.011
-1.600 -23.250 6.917 2.750
-0.733 1.857 -1.093 4.778
-0.203 -24.000 -0.735 -2.935
-2.048 0.921 22.000 2.125
-1.280 1.782 1.067 1.957
1.079 0.032 0.483 0.576
14
-0.906 1.250 -3.000 -0.800
18.333 -0.202 -0.357 -10.400
1.250 -5.778 9.000 -2.818
-0.821 -1.067 -0.028 7.583
-1.324 -6.250 1.406 0.235
2.657 4.286 -0.438 -1.422
1.077 0.477 -0.365 0.010
2.089 -1.120 0.178 1.256
4.571 -1.133 -1.093 -0.405
-0.976 0.787 -0.200 43.000
1.340 0.740 -1.636 -0.312
-1.111 -0.897 -0.273 -0.308
0.565 -0.947 -1.015 0.812
1.175 2.917 -0.473 0.174
14
0.547 -1.545 0.468 2.960
-0.395 3.500 4.500 0.580
1.135 -5.412 1.312 2.968
-1.049 -8.000 1.283 1.023
-0.025 -0.378 -0.500 0.422
0.929 -0.743 0.500 0.742
-1.315 3.333 0.036 -1.621
-0.901 0.859 0.600 2.708
0.732 -0.989 1.196 1.419
1.125 -0.556 0.852 -0.483
-1.733 -1.023 -0.500 -0.239
0.236 -0.237 0.211 -40.000
-1.000 -0.143 -1.227 29.667
0.547 4.462 8.455 0.951
14
2.963 -0.943 1.296 0.551
0.934 -0.011 0.839 1.406
0.060 2.722 0.710 -0.108
-0.938 -2.344 0.750 5.706
1.318 0.692 -0.051 0.805
0.043 -1.750 -2.143 0.959
-0.903 1.509 -1.509 1.902
1.148 0.074 1.000 -2.667
0.097 -1.059 -0.917 1.449
0.515 -2.815 -2.382 0.811
-7.000 -0.043 0.082 31.000
-2.345 -0.029 -0.646 -0.333
-47.000 0.859 0.400 0.000
5.000 0.593 1.200 2.000
14
-1.214 1.091 -0.517 -0.489
0.981 -1.320 -4.538 -0.573
-5.706 -0.609 -0.859 2.812
-0.333 0.198 1.714 -2.190
3.040 1.722 1.636 0.000
-0.975 -39.000 -1.472 0.415
0.976 -1.639 -0.750 0.222
-6.333 -0.634 1.208 -1.435
0.549 -9.600 18.000 2.107
1.564 -1.163 2.268 0.409
-0.552 1.230 0.923 0.691
0.898 0.130 -0.933 -0.968
-0.625 -0.272 -0.162 -1.977
0.540 0.406 14.250 -1.600
14
-0.348 1.088 0.165 -33.000
0.733 0.270 -0.227 -1.214
-0.844 -5.867 1.512 1.703
1.580 19.333 1.043 -1.881
0.456 2.758 -0.750 -0.733
0.729 16.000 -75.000 -1.792
-5.000 1.977 0.911 -0.635
2.077 0.226 0.160 6.800
2.550 -0.297 -0.350 0.364
-0.017 -17.000 -1.407 0.920
0.768 -0.864 0.071 -0.449
1.023 0.405 2.459 -0.196
-0.546 1.750 0.872 -6.250
0.162 0.937 -0.530 0.450
14
-4.308 35.000 0.500 -1.000
-5.529 -0.452 0.030 -0.278
0.877 -0.382 1.000 0.895
2.567 -0.129 1.538 -0.069
-1.022 -0.410 0.714 6.786
1.000 -0.525 1.600 47.500
-1.417 0.544 1.186 -12.750
-0.360 -0.143 -1.100 -0.209
-0.990 0.894 -0.239 -0.569
0.522 1.141 1.324 0.169
-0.855 0.364 0.795 -0.231
2.227 1.103 0.607 0.556
-0.317 2.867 1.194 5.167
7.091 -0.286 0.056 0.000
14
0.090 -1.036 -0.118 0.469
0.159 1.667 0.259 -0.783
1.340 -0.508 -1.667 -0.067
1.750 -0.047 2.297 2.400
-0.971 3.609 -0.301 0.192
2.256 -1.361 -0.563 -0.043
-1.393 1.725 0.161 -2.615
-6.188 -2.870 -0.558 -0.712
-0.571 1.938 0.237 -3.684
0.000 -0.149 1.172 -1.122
-0.597 -0.107 -2.050 0.692
-4.476 1.246 3.065 -3.000
-11.400 -2.079 0.386 0.018
0.938 -1.000 -1.679 -14.250
14
-3.750 0.300 -0.224 3.429
-1.114 1.881 -2.667 1.130
0.875 -0.839 -1.186 -0.882
0.228 -0.202 1.714 2.256
0.382 0.382 0.935 -0.591
0.745 -1.375 1.478 0.340
-1.152 1.796 -5.091 1.788
-3.593 0.280 -1.816 1.741
-0.022 -0.648 -0.857 2.759
-2.844 -2.100 -3.714 -0.485
2.875 -10.000 6.600 -2.257
0.725 -0.702 -1.217 1.667
-3.160 1.607 -1.440 1.128
-1.066 -0.733 -41.500 0.571
14
1.197 -0.345 0.843 0.039
-2.800 0.740 0.467 5.364
-0.404 0.659 -0.205 -0.389
-1.755 2.030 16.000 2.100
-0.778 2.000 -1.352 0.839
-0.844 1.591 1.056 0.667
3.667 0.231 -0.619 -1.420
0.203 1.312 -2.159 -1.923
1.189 2.412 -1.259 4.095
0.018 0.763 -0.451 1.150
1.019 -47.000 -1.255 -0.929
90.000 4.786 -1.727 14.333
0.609 -6.429 -0.537 -1.091
1.304 0.750 -0.829 1.059
14
0.886 -1.922 -0.619 1.486
0.912 -93.000 2.474 -0.060
-0.567 0.855 1.483 1.011
-0.089 -1.429 0.375 -0.112
0.221 1.677 1.250 1.382
40.500 -5.000 0.889 2.857
0.344 3.467 -1.200 1.000
-3.875 -1.075 0.871 1.338
45.500 -3.714 1.074 0.456
-1.347 -15.250 0.443 1.605
-0.613 1.385 0.683 -1.433
1.150 2.115 -0.020 0.784
0.651 -0.868 3.455 -1.053
19.000 -0.154 -0.372 1.231
14
0.776 1.878 1.129 -1.838
2.595 -2.733 2.727 -0.735
0.226 0.689 -1.266 -2.243
2.200 10.000 -3.900 -2.750
-4.364 0.684 -2.727 -0.079
-0.050 -0.315 -0.831 -0.971
0.295 1.220 -0.118 0.633
-0.235 -0.042 1.661 0.879
3.792 0.821 -1.951 0.329
1.284 0.990 0.600 -1.341
0.316 1.415 1.000 -0.543
1.893 0.378 -0.224 -1.533
-30.000 -5.812 -2.359 9.900
0.200 0.069 -0.320 -5.071
14
1.021 1.909 0.718 -0.762
0.357 1.571 0.286 0.667
1.355 -1.294 8.818 -0.489
0.186 -0.447 0.673 0.904
1.450 -0.222 -3.462 -2.159
-0.422 5.333 -1.210 0.200
5.211 -0.628 0.444 -1.041
-9.333 -2.225 0.221 -1.146
6.500 1.333 -0.761 -2.097
0.293 0.667 0.471 -6.250
0.602 -5.200 0.539 -1.313
-0.105 -1.688 -1.667 0.326
-0.278 0.000 0.011 -0.363
-0.333 0.368 -1.321 2.818
14
0.042 1.667 -1.267 -5.688
0.022 -0.034 -4.353 0.360
0.189 -9.889 1.953 1.600
0.512 -0.842 -0.268 -0.816
-0.299 -0.062 1.371 0.744
-0.884 0.261 0.556 -40.000
-18.200 0.824 1.312 -0.344
3.941 1.368 0.059 -0.918
-16.500 -0.900 0.537 1.019
-0.381 2.000 -0.042 2.714
-3.875 -0.125 -3.321 -1.218
0.907 0.106 3.000 0.271
-2.870 2.520 2.154 -1.500
-0.632 32.333 0.520 -1.197
14
-4.042 -1.370 -4.150 -0.781
-1.893 11.400 1.214 -18.500
-1.150 6.364 -5.467 3.833
0.000 -0.128 -1.159 -4.938
-6.062 -0.048 0.818 0.111
0.663 1.923 -0.810 0.079
1.333 -0.554 -0.974 -7.100
0.182 -0.880 0.938 -0.344
-1.407 0.000 -0.473 1.704
-0.300 -53.000 1.069 -7.200
0.098 3.429 -1.012 5.889
-1.951 -2.581 -0.495 -47.000
0.107 -4.500 2.793 0.868
-1.286 -1.150 2.500 -0.729
14
0.754 -0.595 1.516 -0.057
-1.593 0.510 1.857 0.349
0.848 1.083 -1.136 1.571
1.444 0.667 -0.096 2.211
-2.132 0.074 -6.067 4.944
-0.322 -0.154 0.228 -3.750
1.707 2.042 2.289 -0.367
-0.758 -0.462 1.087 -1.484
-1.157 0.212 -0.722 0.327
6.929 1.083 -0.933 -1.176
7.083 0.074 -5.250 -0.865
1.625 6.143 -1.000 0.167
4.182 6.875 4.333 -0.160
-2.065 1.714 0.305 -0.852
14
-0.160 1.190 0.685 -0.917
0.990 -0.406 4.381 -1.929
0.753 1.554 -100.000 0.786
0.167 -0.848 1.321 -3.750
-12.500 -0.707 0.467 -1.884
0.583 2.200 -0.755 0.306
38.000 -0.553 -0.773 0.082
-1.905 1.011 -1.000 0.238
1.821 -0.784 1.209 0.373
1.319 -0.141 -13.200 -0.567
2.393 0.405 -1.732 0.195
1.054 0.304 3.067 1.474
1.016 -0.440 -0.458 0.536
-1.974 1.758 -1.714 -6.000
14
-0.543 -5.000 0.340 0.557
0.820 0.722 -1.394 0.371
1.000 0.830 -1.450 1.909
0.382 0.444 -0.562 -0.340
-0.756 0.439 -2.366 0.603
0.719 17.000 -0.200 0.541
1.860 -2.083 -0.453 -15.000
0.718 0.543 -3.176 -7.818
5.333 -0.533 -1.366 -1.208
0.965 -0.405 0.838 0.847
0.576 1.474 -0.400 -0.714
-0.584 -0.824 1.101 1.889
2.600 2.407 -1.056 1.000
1.042 4.333 0.705 0.212
14
-0.640 3.286 1.171 -1.352
1.227 0.800 0.400 -1.016
3.263 1.368 -0.603 -1.354
-0.103 -2.818 8.800 0.000
1.162 0.918 9.500 0.596
-1.420 0.241 -0.141 -0.415
-2.538 -55.000 2.750 0.048
0.165 -1.169 -0.352 20.000
1.639 -4.533 -0.235 -0.122
-0.853 -25.000 -0.854 0.898
-0.694 0.417 3.000 -0.064
-1.271 -0.840 16.400 -0.592
0.469 3.062 -0.325 -1.440
-0.337 -0.093 0.280 0.872
14
1.422 1.894 -1.492 1.158
22.000 -0.951 1.816 1.826
-4.167 -0.810 0.164 0.191
-1.426 -0.569 -0.267 -5.000
1.333 -0.027 0.078 2.957
-3.947 -0.341 4.476 0.531
-0.377 0.842 -0.357 -0.329
1.455 0.755 4.188 0.507
0.391 -1.309 1.196 1.015
-1.545 -0.213 0.615 1.444
1.321 4.571 1.459 0.767
-12.333 -0.274 -1.727 -2.022
-0.712 2.917 0.952 -0.808
0.756 9.250 -0.382 8.667
0
