14
1.044 1.500 0.415 -0.288
-1.500 0.067 -0.823 -0.714
1.038 0.642 -80.000 2.129
0.190 -1.468 2.390 -0.778
4.476 0.448 -2.344 -1.341
1.788 0.062 -1.260 -34.000
2.419 -0.727 -0.942 0.114
0.565 -2.381 -1.300 0.310
3.696 0.031 21.667 -20.000
-0.321 -1.861 2.231 -3.471
-18.500 0.265 3.235 -0.737
0.712 0.922 -1.132 -0.263
0.134 25.000 -0.510 -1.134
-0.576 -5.267 0.604 1.164
14
-0.378 2.786 1.966 -2.189
0.677 0.500 0.800 0.384
-0.580 -0.176 -0.206 -0.649
1.231 -0.299 -0.952 -1.970
-0.283 -0.660 -1.526 -1.338
-0.709 3.727 -1.000 -1.173
1.086 0.124 0.827 -2.105
-2.136 -1.627 -3.000 0.158
-0.787 0.969 -0.800 0.093
-1.100 -2.528 0.439 -0.716
0.815 -4.286 -22.750 -0.143
2.163 -0.406 1.562 -0.313
0.951 1.895 0.750 -1.219
-1.489 1.371 -8.600 -0.299
14
0.939 -1.162 -0.257 9.600
-1.612 4.714 -2.258 -2.233
0.353 1.400 0.473 0.152
4.167 1.643 0.000 2.062
0.068 -0.827 -1.124 -0.942
33.000 8.500 -1.204 0.596
-11.000 -3.083 -3.000 -0.506
0.434 -0.714 1.171 -0.924
1.509 1.375 -0.452 3.318
0.379 -0.976 20.250 -1.158
2.412 -0.078 -1.011 -1.593
0.409 0.479 0.225 -0.681
0.054 0.275 0.206 1.221
0.072 -0.558 0.347 -15.667
14
1.789 0.000 3.375 0.915
-0.940 -1.203 -1.000 -1.576
-1.011 0.949 0.222 -0.915
0.417 18.750 -1.469 1.586
-0.961 -0.529 -1.826 -0.286
0.120 -0.548 -0.182 0.135
-1.342 -1.613 2.042 -1.382
1.780 -6.714 -10.286 -1.655
-0.104 0.096 0.700 -1.632
-0.562 -1.254 -1.638 -2.087
0.800 0.964 -0.395 -0.895
-0.875 1.092 1.316 -0.969
0.368 -1.412 -0.658 -2.045
0.108 -2.613 -1.385 -1.452
14
-0.473 0.543 -1.600 -0.604
1.032 -1.488 1.078 -0.029
5.188 -0.573 0.455 1.367
2.161 -4.000 0.580 0.469
1.010 1.980 -0.410 -4.846
18.000 1.122 -0.198 0.138
-0.919 3.905 -6.182 12.800
-41.000 0.431 -3.000 0.475
0.118 -5.000 -8.667 -0.241
-1.727 0.000 -0.958 -0.733
-0.337 0.837 3.412 -1.953
0.476 -0.293 18.000 3.833
0.239 0.171 -0.494 -0.170
-1.011 -2.302 2.731 -2.667
14
0.486 6.462 -23.750 -0.463
1.714 -1.360 -70.000 -0.375
-1.250 3.545 -1.561 1.538
-0.140 -0.605 0.881 1.065
3.167 -0.582 0.647 1.094
0.800 3.714 -3.042 1.250
-0.473 0.596 -3.100 -0.794
-2.163 -1.395 0.086 0.600
-0.577 1.145 -1.062 3.625
-0.769 -0.059 4.889 -0.092
0.444 0.582 0.299 1.020
0.539 -1.627 -1.273 0.010
1.176 -7.800 -0.565 2.893
-3.286 -0.197 1.677 -0.691
14
1.314 0.870 3.500 2.421
0.889 0.000 21.000 0.775
1.051 3.207 0.312 0.067
0.264 0.967 -1.000 3.880
0.421 0.787 3.923 -0.308
-0.635 3.600 1.286 0.861
0.364 0.373 0.222 1.016
-14.333 -0.189 -1.382 0.582
0.381 -0.176 -0.761 -0.125
-0.190 -0.135 2.200 -0.141
0.707 10.889 0.435 -0.682
-0.093 -2.000 0.689 -3.556
16.000 -0.338 -0.222 2.067
0.329 -0.065 -0.627 -0.797
14
0.047 -0.417 -1.104 1.151
-1.244 -0.296 -0.148 0.690
2.200 1.412 -1.725 0.417
1.030 -2.000 -1.450 3.900
-1.099 0.581 1.093 -1.471
1.268 1.113 -3.300 -0.443
0.892 -1.433 -1.120 0.028
1.385 0.000 -0.319 0.438
1.181 0.254 -1.283 -0.756
10.000 -0.857 3.062 0.946
-0.090 -0.943 -0.904 0.772
-0.085 0.662 0.053 1.667
4.143 1.769 -0.153 0.406
-0.933 -0.349 -0.016 3.875
14
-0.593 -1.083 0.043 0.739
-0.034 0.490 0.241 1.053
-0.357 1.265 -4.333 -0.198
19.800 -1.283 1.596 1.902
0.367 2.343 -5.909 -4.043
1.077 0.538 0.868 -4.143
1.520 0.305 -0.271 -0.299
-1.579 -1.450 0.478 0.308
-0.526 1.225 -0.267 -0.963
0.473 -0.500 6.333 0.845
-0.010 0.850 -0.309 7.286
-1.448 -1.750 1.189 -1.141
4.077 -0.313 -0.456 0.153
-0.400 3.286 0.197 0.964
14
-0.739 0.872 -0.771 -5.263
-1.043 1.016 0.375 -2.564
5.667 0.676 0.774 -3.478
-2.609 3.750 0.837 -1.732
-4.667 0.115 -0.777 -0.237
-0.141 0.549 0.000 0.837
1.105 -0.734 1.852 1.603
1.278 -0.368 -1.083 -0.222
1.303 11.625 -1.079 0.030
-3.471 1.593 -0.417 0.853
0.398 1.730 0.960 -1.524
0.519 -0.870 -1.182 0.820
5.412 2.225 0.772 -0.234
-0.159 -1.030 -0.301 -4.625
14
-2.333 2.308 0.250 -1.369
0.546 0.632 3.240 0.677
-1.282 0.776 1.190 4.368
-1.021 -0.947 0.114 -0.036
0.211 -1.222 2.769 -3.294
0.787 -0.448 -0.564 1.632
1.057 -3.000 -0.867 -1.160
-1.524 1.667 -5.933 -1.000
0.989 1.097 0.312 3.680
0.905 -0.414 -0.571 0.489
-0.547 -0.906 -0.438 0.292
81.000 0.000 -0.084 -1.282
-1.214 10.111 0.222 -0.517
0.717 -3.529 -0.882 -0.681
14
0.710 -0.106 0.581 -11.000
-2.000 1.550 -1.447 -1.111
-0.189 -0.955 -3.727 0.742
1.082 -0.474 -3.125 9.625
3.050 0.491 -0.724 -1.301
-1.448 2.900 -1.385 -0.455
-0.357 99.000 0.888 0.345
2.412 -7.308 0.990 0.280
0.346 0.562 0.088 46.000
-5.500 2.290 -32.667 -13.400
0.468 0.700 1.467 -7.636
-1.638 -0.671 0.578 0.000
-2.316 -93.000 -0.354 1.440
-5.786 -1.108 -0.130 -1.018
14
-0.769 1.359 11.714 -3.400
3.792 -2.150 -1.562 -12.000
-5.667 -1.162 1.595 0.562
-0.747 1.806 -0.915 0.672
-0.946 0.016 0.975 -1.231
83.000 1.341 -1.500 -2.075
-1.463 7.286 -0.232 -4.050
-0.130 0.768 0.629 0.429
0.853 0.031 -0.944 0.648
-1.103 -1.400 0.311 0.756
1.227 -1.977 4.083 1.589
-0.214 0.506 -0.434 -0.090
0.881 2.258 0.185 -0.241
0.157 1.069 -2.182 -15.333
14
-0.077 1.111 0.140 1.300
-4.889 0.084 -1.673 -0.378
0.259 -0.211 1.303 5.000
0.514 0.406 1.400 -0.283
1.821 0.641 -0.464 -0.588
-2.275 -0.638 30.333 0.061
-0.990 3.385 -1.500 1.000
0.014 -1.660 0.182 1.586
0.923 -0.780 1.786 -24.500
-0.703 0.397 -3.929 0.468
0.897 -0.615 0.545 0.631
1.673 -0.155 0.615 0.474
0.400 0.471 2.441 -1.278
0.520 -0.060 -3.857 0.304
14
0.360 -8.000 1.556 -0.255
-0.493 1.066 -2.000 0.517
0.227 1.350 1.139 0.990
0.346 -1.157 -0.298 -1.029
-0.941 -4.600 -0.369 1.488
-0.928 -0.851 -0.156 0.979
-1.059 -2.844 0.521 -1.187
-1.417 1.608 0.988 -2.400
-0.184 0.638 0.553 0.282
-1.208 1.254 -10.200 -0.733
-0.606 0.105 -2.027 -0.654
0.690 -0.333 0.639 -2.656
-0.523 0.472 -2.447 0.071
0.185 -0.750 -2.568 -0.678
14
2.778 -1.228 -1.867 0.810
1.500 -1.887 -0.750 -4.000
-0.037 3.609 1.208 6.533
24.000 -0.838 0.679 4.400
0.900 0.990 3.048 -1.658
0.672 0.500 -0.832 1.056
-0.907 1.565 0.744 0.658
0.745 -0.342 -0.167 0.274
-0.953 -0.878 1.209 2.156
-2.310 -16.500 1.250 6.917
4.400 -3.320 -4.909 -0.711
-4.643 -0.729 0.747 0.714
-2.455 -0.500 5.118 1.314
0.630 0.380 1.414 -1.250
14
0.642 -1.000 -0.406 0.600
-8.545 1.000 -0.161 -0.480
-1.323 4.938 0.621 11.500
-0.409 2.600 -2.429 1.897
-0.343 -10.000 -11.167 0.926
-0.234 -0.143 0.824 0.623
4.400 -1.017 0.658 1.720
0.000 1.361 0.000 -0.937
-1.057 -0.316 -39.000 -0.328
3.818 1.000 6.000 -0.886
-16.000 -8.222 -1.351 0.353
-0.030 -1.420 0.854 -1.062
-1.941 0.437 1.071 -3.400
-6.444 -0.522 -0.494 -0.515
14
-3.259 0.295 -10.375 -1.655
-8.400 0.525 -0.022 -0.984
-0.103 0.320 0.455 -1.500
0.494 -0.500 -1.552 -0.333
0.273 0.618 -1.512 0.515
-1.221 0.960 -0.842 -2.071
-1.022 -96.000 0.842 0.495
5.750 -1.143 1.400 0.958
0.553 0.722 -0.023 4.286
6.200 -0.010 1.400 5.818
-0.122 1.000 1.342 -0.146
-2.963 9.167 -1.205 0.460
0.385 0.468 -2.545 -0.537
-0.830 -1.381 -2.256 -3.333
14
1.377 2.913 -5.071 -2.906
-0.547 0.774 -2.960 -0.636
3.071 -2.294 1.194 -9.300
-0.836 -1.583 -17.200 1.353
6.875 0.875 42.500 -1.759
25.000 -1.162 -0.457 0.080
-0.167 -0.838 -2.727 -5.923
-8.250 0.647 -0.865 -0.917
-0.302 18.200 0.900 -2.263
0.084 0.585 1.372 2.231
0.779 0.758 0.932 -3.423
-1.000 1.684 -0.258 -1.274
-0.081 -6.091 -0.918 -0.410
2.075 0.365 2.560 1.864
14
-0.063 -0.288 0.341 0.525
-0.100 0.773 0.727 0.333
-2.087 -1.643 0.344 52.000
5.500 -0.871 0.614 -0.459
-0.397 -2.667 -0.711 0.135
-3.536 1.545 0.302 -2.048
2.150 -1.395 -0.667 0.667
0.600 0.123 0.773 -0.773
-1.556 -0.303 0.038 -4.389
-0.485 -0.968 2.553 1.471
-0.667 -0.089 0.615 -1.190
2.412 -0.589 -1.844 -1.314
-0.211 3.480 0.758 -7.000
2.484 1.000 -1.568 0.411
14
0.708 0.286 -1.407 -0.684
0.333 -0.968 1.320 -1.083
-1.444 -0.148 0.404 1.523
0.605 0.864 0.329 0.519
2.727 2.000 0.670 -0.160
2.000 0.043 0.884 -0.233
-4.500 8.333 -0.169 -1.043
0.274 -2.238 1.105 -1.241
-3.217 -0.394 2.304 -2.393
-0.326 -0.423 0.471 1.044
0.449 1.167 0.819 2.562
0.464 -0.253 -2.136 0.690
2.103 0.881 -1.593 0.000
-1.114 0.954 1.279 -0.176
14
-0.970 0.557 1.286 -0.232
1.774 1.260 -0.564 1.403
-7.667 -0.268 0.160 0.449
-0.705 -1.560 0.391 3.733
0.533 0.695 -2.238 -1.545
-0.156 -0.376 -0.179 -1.649
-1.120 0.775 -0.200 0.607
-2.774 5.471 4.000 4.067
3.167 0.640 0.619 1.265
0.500 19.500 -0.029 1.659
0.500 -1.054 0.100 2.536
-0.176 -0.417 0.103 4.625
0.215 0.660 -1.816 -0.545
0.253 7.667 -1.307 4.500
14
-2.207 -2.160 -0.620 -0.571
7.300 -0.535 -1.833 0.408
-0.641 -1.300 1.242 1.333
4.722 -1.275 -0.048 1.182
-1.217 0.851 5.692 0.630
0.640 3.111 1.420 26.000
0.806 -1.121 -1.551 -13.286
-1.288 1.226 2.727 -1.900
-2.941 -1.014 4.150 -1.162
-0.200 -0.250 0.375 0.220
0.415 -1.880 -2.650 2.188
-21.000 -0.451 -1.486 -0.182
-4.500 -1.190 -0.049 -0.851
1.127 -0.181 -0.855 -2.122
14
-0.308 -1.875 -2.321 1.274
0.857 -0.059 1.269 1.165
1.046 -6.714 1.414 0.429
4.000 -2.379 -16.333 -1.062
1.080 -0.475 0.904 -0.937
-2.250 -0.318 -1.421 1.559
4.227 -1.333 0.545 -0.214
-0.800 0.766 0.487 4.182
5.062 -0.128 0.200 0.924
-1.500 1.000 0.530 0.585
0.590 -0.422 -0.940 6.062
3.000 0.339 -0.841 0.553
0.105 -0.403 0.088 0.625
-1.253 0.941 0.833 2.034
14
0.033 0.795 0.207 -2.167
2.500 0.929 0.414 90.000
0.707 12.571 0.118 -1.188
-1.133 18.200 0.609 0.338
-9.091 0.639 0.450 0.073
1.253 1.213 1.976 0.093
-0.805 1.185 1.324 0.823
0.607 -0.200 0.843 -0.662
0.056 -0.265 0.800 -1.000
0.323 0.347 -1.333 0.900
-1.385 0.667 -1.724 1.750
-33.000 -0.375 0.385 0.500
-0.289 -0.627 -0.346 -0.845
1.233 2.064 2.000 2.652
14
-52.000 -0.607 0.032 -0.903
0.046 2.684 0.443 0.303
-0.054 1.351 2.179 1.800
-0.100 -0.115 -0.857 -3.048
11.667 -2.273 -1.569 0.373
14.143 -0.364 -0.908 -0.381
1.386 -0.429 1.011 -3.407
0.351 -0.324 -0.659 0.208
-5.308 -0.540 0.970 -0.781
-0.524 0.083 -1.644 1.108
3.318 3.111 -0.705 55.000
44.000 -3.350 0.731 -5.167
0.047 0.508 1.667 -1.141
-0.967 -1.536 1.321 0.457
14
-0.333 0.388 -0.180 -0.851
0.208 -1.347 2.464 -3.308
0.593 1.000 0.389 -1.163
-0.127 -0.707 8.182 0.475
2.654 0.258 -0.884 12.000
-0.456 -0.670 1.286 1.681
-1.323 0.804 -5.111 1.263
5.267 0.381 -0.462 -3.840
-0.226 4.300 -0.215 -0.156
-4.750 -0.044 4.400 -0.587
1.128 -22.000 -18.000 -0.683
0.109 -1.247 0.204 -0.618
-1.587 -0.174 -0.292 -0.484
0.000 0.081 -1.077 -3.143
14
1.690 0.338 0.264 0.416
-0.765 7.400 3.111 0.000
-1.647 -0.685 1.571 6.143
0.090 -0.840 8.167 -0.932
0.538 1.431 -0.914 2.724
-7.143 0.018 -0.515 12.571
-13.000 0.414 0.060 -0.444
0.583 0.349 -0.730 -0.776
-2.743 -0.845 1.410 0.667
-0.358 -4.273 0.844 1.425
0.628 -2.067 2.818 -1.182
0.078 3.000 1.179 -0.737
-6.400 -0.491 -0.508 -15.600
-2.000 0.650 -2.000 -0.837
14
0.696 -1.469 -0.727 -6.167
-0.354 0.250 -1.267 -0.947
1.048 0.971 -0.397 -1.220
0.322 -2.735 0.304 -0.433
-0.759 -0.864 0.233 -1.270
-0.912 -0.412 1.611 -0.815
-0.116 -0.975 11.571 1.605
-0.229 2.778 -1.377 -0.134
0.712 -5.929 0.759 0.253
48.000 1.068 0.468 1.434
-4.000 -0.323 -1.114 -0.872
-1.875 -7.250 0.792 0.261
-0.163 1.104 0.910 0.582
-1.456 2.143 1.326 1.061
14
0.742 0.533 2.333 -2.829
-7.000 -2.222 0.896 -1.178
-0.659 2.750 1.500 1.216
-0.152 0.688 0.051 0.750
2.706 -6.000 29.000 -0.701
-0.154 -0.773 -10.333 -0.604
-19.400 0.338 -5.667 -4.048
0.333 0.087 -1.231 1.456
4.429 -1.214 0.763 9.429
-1.947 3.933 0.091 -1.000
48.000 -10.750 -0.295 0.406
1.094 1.055 1.238 44.500
41.000 -0.758 1.414 -6.267
0.893 1.000 0.225 -3.960
0
