5
18 30 16 22
16 28 18 24
4 24 6 26
4 16 18 42
6 30 16 34
9 21
11 29
25 19
21 23
19 21
4
4 24 0 12
18 26 14 24
10 26 16 24
2 14 16 30
9 11
25 21
11 23
23 17
7
12 18 6 16
8 16 6 26
6 28 2 18
8 20 12 28
8 32 2 22
8 16 16 38
4 14 12 30
15 5
25 17
15 29
11 21
19 27
15 11
9 27
7
2 22 2 24
14 34 8 22
10 26 10 32
16 26 0 20
10 32 6 12
4 20 4 14
10 20 2 10
9 21
9 9
23 5
27 21
17 31
17 5
25 9
6
14 32 0 6
12 22 16 32
6 30 0 16
12 24 0 22
8 26 8 26
16 30 0 6
23 3
31 5
15 17
21 25
25 5
29 15
5
10 30 4 28
12 28 6 12
10 26 10 24
18 28 8 24
4 20 2 14
19 9
17 7
17 23
17 9
25 11
6
14 30 0 10
14 22 10 26
12 32 18 32
2 12 0 14
18 38 10 22
10 26 12 24
21 21
5 13
37 13
15 21
17 17
17 3
6
18 26 8 30
2 26 6 14
18 34 18 24
8 14 14 30
0 18 8 28
0 6 12 22
13 17
25 11
33 23
3 17
21 25
3 23
7
2 24 10 32
18 30 6 26
4 20 12 24
12 18 8 14
16 32 6 26
12 32 2 24
14 26 2 8
23 31
21 7
25 13
21 13
13 15
17 11
15 23
5
2 24 18 30
16 22 8 14
0 6 10 28
0 18 10 30
6 12 8 30
5 25
19 29
21 13
5 17
11 21
7
10 22 4 24
14 34 18 34
6 28 10 32
0 14 4 16
0 6 2 8
0 12 16 28
8 14 18 28
11 23
5 11
19 21
27 25
17 31
5 19
5 5
5
18 26 0 24
0 12 0 8
12 36 0 8
8 30 12 20
16 24 0 12
11 7
19 19
21 3
23 23
19 5
3
0 22 8 32
10 20 6 28
0 14 10 30
5 19
15 25
9 23
4
0 12 6 22
6 16 14 22
18 38 2 22
2 22 16 26
3 21
37 21
17 23
13 21
3
6 12 2 26
18 30 18 36
0 22 4 10
23 21
9 9
15 7
5
4 28 16 24
2 10 16 24
0 6 16 28
2 14 8 20
10 18 4 22
9 19
17 13
19 23
5 19
9 15
7
2 22 2 14
12 20 10 16
6 14 0 8
14 32 16 32
18 36 12 30
0 14 2 8
8 30 16 30
17 11
7 7
11 7
17 15
25 21
17 27
21 29
7
16 30 10 32
8 28 0 14
10 22 16 32
8 26 14 30
10 20 0 20
14 30 6 30
18 26 10 34
19 7
27 31
21 29
23 25
15 17
21 21
15 23
3
18 24 14 32
16 34 2 26
16 40 14 30
21 31
19 21
21 27
7
18 32 8 28
10 28 2 18
6 28 16 40
18 34 2 22
2 16 12 18
4 12 8 28
18 34 14 24
23 15
19 9
21 13
7 15
33 19
17 31
9 13
4
16 26 18 42
14 22 4 22
12 28 0 14
4 16 14 24
23 5
17 17
15 23
19 25
6
4 22 0 12
18 36 10 18
12 36 0 6
10 22 2 10
18 26 18 24
14 26 16 36
21 11
23 23
23 5
17 29
17 9
27 13
4
18 26 8 16
2 8 4 18
6 14 14 38
0 8 2 18
23 11
5 15
13 35
7 11
5
8 32 14 34
18 24 14 22
18 28 18 36
16 30 8 30
10 18 2 10
21 27
13 9
21 17
19 13
25 21
5
0 22 10 22
12 24 2 18
18 28 8 20
0 16 10 24
16 26 4 22
7 19
27 19
17 21
23 15
21 13
0
