10
3937 4523 2423 3157 1601 3661 837 876 4549 2322 3595 1213 3272 1047 265 3163 1958 3544 1404 1909 4534 
10
3859 2129 794 4879 1600 1668 279 1023 767 1621 3302 2216 2247 4847 3982 1554 3012 4762 4678 2758 2543 
10
2796 341 1331 2358 1629 741 1593 1332 100 3643 1710 2398 474 1752 4868 3260 1493 2707 3228 4684 527 
10
4937 4263 1424 1731 3280 2268 1257 4250 174 2951 1757 2246 4286 4484 88 1511 775 1474 3576 2612 808 
10
2313 1680 2512 2471 3802 884 4699 1301 118 4748 3248 2304 415 3266 2730 1903 4896 1325 394 2150 294 
10
2361 1175 3596 11 516 2856 1656 4938 913 4559 3514 4175 428 1068 3829 419 4426 4765 2010 599 1499 
10
3832 1755 1011 2670 1753 516 4121 43 3181 2389 458 99 2253 532 3754 3858 155 490 931 820 2708 
10
3882 3039 4178 95 4880 3407 1897 2698 2420 4300 2500 810 3573 4013 2062 1588 2652 1247 1369 3047 1986 
10
602 3596 2972 3343 3893 4152 1874 385 1772 3935 4675 452 3479 811 4259 1404 2431 3048 4717 2468 1837 
10
2559 1377 2214 2427 4065 1191 2237 1029 2769 3246 4504 861 3378 2871 1248 164 2197 88 1349 2734 3471 
10
1026 4833 3327 3497 3269 1696 1409 1817 2995 3624 4710 4954 2670 3859 4035 2685 3863 2562 1357 207 4272 
10
129 4780 627 2299 304 847 3188 3148 4129 704 3858 2939 881 395 1668 2915 3411 2520 2661 4502 1534 
10
369 2519 4181 1998 442 2439 3742 2831 912 4392 2066 566 2985 807 4435 2220 3088 4411 2640 2795 1658 
10
2787 601 4691 3527 2728 880 1279 134 3879 4456 131 3209 2405 4303 3346 2140 2017 2460 1552 2081 2032 
10
2034 1808 3613 1094 958 4402 3914 519 3857 4052 617 1013 2912 4211 4444 123 697 3972 2076 3827 4460 
10
1893 1341 1262 2903 561 2431 4233 2362 2992 772 3454 4053 151 797 1182 686 4175 617 2607 4168 2813 
10
1417 2446 3323 3405 4755 338 4454 2874 309 1386 3338 2986 4266 2575 3981 4760 3782 1101 4939 2397 895 
10
4709 3094 553 4252 4185 3466 4891 2601 4243 4746 731 787 3359 1625 4918 1308 1165 2779 4432 4053 4134 
10
1247 3371 1086 448 4729 444 2819 4755 749 1762 4155 4789 2090 3630 3185 2298 3942 491 2015 389 965 
10
2542 2054 2032 4669 3833 3703 65 2567 4975 2555 4435 1417 4999 40 3405 4748 3152 941 131 379 696 
10
1547 2542 2944 3314 647 601 4880 744 1386 3714 2150 1950 3355 2442 1072 1311 2612 1936 3584 1074 212 
10
2123 2204 1196 1499 2992 588 4860 3275 291 811 3951 4676 3525 4126 1423 1062 547 4278 1760 1274 3850 
10
1398 4740 612 1182 374 2735 2337 4053 4563 1304 4266 4336 4638 98 957 755 571 3374 1425 1286 3753 
10
4430 1459 1814 1445 3993 2850 3251 1876 688 3798 3865 1171 1859 589 2257 3304 1820 4248 2965 2077 2204 
10
3253 3474 1489 657 724 1437 1411 2087 962 4565 1544 4768 3060 584 816 2666 1436 2563 2496 3673 3038 
10
4121 1528 396 2811 1702 4452 1160 387 625 1499 2096 2548 2721 2656 363 4354 1609 3566 4414 2353 818 
10
3748 4735 1397 3645 1938 3773 1091 4177 4699 305 4866 2162 122 1645 2327 901 4746 2935 4751 3134 2365 
10
1820 2368 536 2199 1757 3428 742 810 1355 4507 942 241 4223 3253 3167 3748 3437 3331 4948 4798 1761 
10
1432 2768 458 715 2246 2782 4260 73 793 1464 4129 409 3066 3443 1096 2371 3957 3106 1029 846 1776 
10
2996 3074 550 4747 2752 2811 2906 4234 654 1055 2913 149 3032 3023 3486 4568 1464 1495 4180 567 1321 
10
4707 1820 3897 2007 1925 1831 494 1210 1426 1101 1284 4984 283 4955 213 661 2552 1318 4633 1821 2892 
10
3359 1117 4489 4233 171 4842 3131 4309 2938 3261 1119 4723 4138 4532 667 3595 1410 3760 2699 2276 1177 
10
1223 1509 905 743 1343 1704 1878 997 3220 744 1551 4288 2543 4796 4342 2380 2453 4670 2094 3009 1214 
10
3931 4633 2881 1762 2784 1766 3654 2931 1109 3475 3338 828 2882 919 3553 1534 882 2444 3001 4260 4268 
10
4989 3815 2100 1113 1880 1130 3694 2395 2502 4920 1960 2812 4131 3611 4291 3087 4159 2217 496 271 4957 
10
3528 1993 1469 4686 1813 3644 4944 4097 4034 1908 3930 2364 3277 119 3974 3701 84 2761 4660 1082 3839 
10
3882 3039 519 3057 1377 2231 4925 565 1275 886 4264 934 4295 1482 4207 2440 3136 1335 4934 1482 4597 
10
3905 2085 2464 2915 4359 4935 3960 857 4530 101 1348 4470 31 4814 2520 3302 1131 4487 3383 3842 1255 
10
2862 4391 4867 341 4496 3010 3397 533 278 293 772 2151 449 1918 2348 1335 3009 1381 1371 4159 1451 
10
457 892 2626 1484 3425 3413 4734 1700 4822 96 2804 3840 348 2198 4927 3777 2792 6 2087 1088 4960 
10
843 4006 3321 3693 3332 3448 133 2921 702 1377 4439 4644 49 880 2510 3358 3335 714 520 4660 4454 
10
2436 2288 1293 2516 1062 323 3226 1644 4388 202 1379 2392 2583 1182 376 1896 2816 3528 3356 2782 4434 
10
3565 256 2799 3398 1860 188 752 2450 1753 2994 4430 224 4796 4964 1037 4394 307 63 1725 3707 1907 
10
1471 1086 4248 1784 637 1495 3662 337 1262 2059 3472 275 1306 3373 1378 4474 523 4681 1155 4085 856 
10
2166 1632 369 2279 4010 3119 3057 4767 3730 4434 1267 1501 417 1661 548 4971 1017 631 1607 3065 1221 
10
3108 3394 1473 2929 935 1535 430 3603 3122 2883 4380 4575 2650 3393 4843 447 1075 4794 3150 1207 2257 
10
1269 1401 1828 4231 2870 3500 4661 3008 4683 2100 4884 2823 2183 4689 3058 2981 893 2980 424 3422 2469 
10
3795 830 2672 3033 2505 727 3436 4264 2696 2791 4243 2116 2026 4672 2310 2625 647 2958 1925 913 3882 
10
1931 3977 3821 1395 3623 352 3997 2992 4111 545 5 1980 948 4032 3141 984 2292 3095 2280 2238 396 
10
4555 991 3484 4740 3426 3231 4569 4658 2781 2687 3733 2566 2700 2488 4340 2180 591 2786 4730 3150 2350 
10
1657 2434 961 1918 1957 1457 28 1389 539 374 4861 1194 3455 3618 83 1149 2295 4582 1837 1976 1906 
10
4038 1616 3771 1940 2144 2826 4850 2588 227 2813 403 4585 3216 20 2795 3886 4621 1022 919 4850 917 
10
1120 473 4944 4510 2475 4130 182 1070 4371 1137 1437 1915 3299 2902 223 2779 2698 2472 2629 2696 559 
10
4057 3993 1005 4990 295 3273 4468 461 889 4166 2894 4354 4374 3114 820 4294 2919 2482 4020 1855 12 
10
1355 1896 711 4564 1594 2440 2629 4787 4903 1241 4238 601 3485 88 747 3732 3316 4383 4936 4925 3288 
10
1643 1045 3958 892 828 4750 1329 4008 1127 251 79 1498 403 3058 532 1526 1213 95 1369 3827 2994 
10
54 179 494 2380 3598 4643 4788 311 2611 4450 2835 3880 2395 3601 142 2546 971 1169 763 2435 2356 
10
3168 3264 184 610 27 2478 3872 2366 1640 256 1535 3955 2777 4758 4557 2959 2880 2119 1347 2238 3210 
10
3675 2888 584 3741 4340 1378 4885 2868 4115 784 3305 3336 4955 4579 2513 133 2090 2765 1698 204 2629 
10
335 3320 4199 777 2487 2669 4889 3844 1340 185 402 1871 65 3490 3706 1364 4615 23 2428 2708 2968 
10
3175 1875 3481 3367 2521 3140 4449 4321 4907 47 883 267 2800 1645 2812 4969 239 2444 3310 4788 3178 
10
3321 4520 4868 1132 2057 2316 662 3365 3293 4429 649 2889 3848 1554 1236 86 2537 4019 3850 2385 3047 
10
792 2042 1654 679 3740 360 4465 1806 4776 1685 237 3135 2127 2298 2257 4005 3245 97 548 1807 696 
10
1647 1945 4346 443 3246 2835 608 3370 572 3460 4016 2984 3164 2899 504 1381 3096 2820 3019 2705 15 
10
947 2929 2737 2052 3082 678 2027 4823 2897 3314 4589 4430 4571 2286 2972 1962 4245 4257 706 4259 4779 
10
4716 3655 2325 1609 2553 243 4655 1021 527 2657 4967 1702 4073 1843 611 1435 4518 4462 2978 2664 4136 
10
3972 33 4996 2324 3301 3969 3371 730 1757 1997 359 4972 1726 3818 3246 4542 309 3178 8 700 1155 
10
3369 3758 4880 1366 4421 2100 478 3099 4932 3929 2675 1074 4545 3590 3382 46 1444 2368 1205 763 43 
10
2087 1468 1501 2474 3522 987 3268 1366 3246 3737 3262 1161 3834 983 1000 429 1603 4692 1373 2436 1488 
10
4608 2638 1206 2669 3620 3847 4664 4094 1444 1720 2959 135 2867 394 1695 2045 4388 2261 352 3896 3114 
10
172 2831 1556 1066 345 3644 271 4237 69 1096 4835 1560 3674 57 1158 2235 4072 1620 4768 1013 140 
10
409 307 4812 3419 4 4009 3065 2868 1459 3008 2249 2615 1706 2113 3044 2591 2111 1634 4837 2985 541 
10
3750 2384 849 2908 2952 1286 4502 922 1163 2071 4236 2360 5000 755 3525 1953 3254 1845 2161 3143 3045 
10
2088 4714 1032 1663 1469 1594 2383 202 3148 1735 721 905 3478 1460 3274 3935 2977 4505 2384 2525 135 
10
328 1056 2512 2339 111 3832 1046 4700 2723 1605 4377 3989 2419 2304 3007 1947 753 3029 775 3650 3806 
10
506 2392 3356 3157 2563 1440 821 958 2164 1158 4112 66 4792 2364 398 2569 356 1034 2541 821 3828 
10
589 456 4959 3096 1594 3522 729 3924 4780 64 1751 4544 2751 181 975 4570 1354 229 2484 561 509 
10
2396 371 163 2500 3918 3398 4707 763 1784 158 3338 3067 1729 4853 2533 1604 178 2111 4664 4021 4778 
10
1767 1237 2224 213 1134 4757 550 812 2993 3350 1514 3291 3121 4743 1974 3077 4312 1272 3082 1706 4316 
10
2884 4253 3820 1869 3118 4979 3632 1331 4410 412 189 2031 3215 4274 4617 961 3872 1756 4444 3852 3311 
10
245 646 605 4646 3369 840 4067 3309 3031 824 3128 1658 909 1230 966 301 1241 4393 3582 3926 3590 
10
5 4081 3042 3607 2428 4204 1043 1589 2178 3228 1395 680 2186 888 1578 76 252 150 1705 3466 2085 
10
3370 650 1930 2950 1661 3143 1194 829 1344 1226 2592 254 4916 4230 4469 3606 1961 3259 3900 2293 4111 
10
567 830 3519 3597 3845 1080 2273 654 207 2769 1180 4146 4485 717 2746 3619 4744 4028 3040 1360 1783 
10
2827 2699 4894 2515 8 419 1238 4692 626 3183 3401 4398 4577 1050 3560 2999 696 992 2465 3752 976 
10
3562 1503 1103 1764 1502 4276 2845 4639 4819 4 4572 3179 2328 247 3859 1877 3407 3905 1963 855 4753 
10
2444 4439 696 3378 4853 3885 3805 281 833 128 1606 557 3995 3213 1661 4660 2066 1063 2500 967 2312 
10
4729 3124 4217 4913 303 4223 1176 3628 444 147 4369 3907 4513 2660 996 1292 354 1244 2949 1808 2164 
10
4746 4651 541 3397 4524 1225 4651 2758 4705 2919 453 1608 2727 2662 2329 262 1602 3289 3511 3153 4855 
10
411 364 2645 4864 3871 2496 4869 2541 1012 3395 4771 4465 2836 579 654 581 3996 775 4844 4845 2011 
10
2306 576 3142 1400 1639 622 987 1701 2129 3951 3224 3882 4462 4157 2417 478 2638 393 3408 3242 3788 
10
1076 4453 3679 1665 729 4339 3346 2386 3518 174 2593 2066 3722 4764 966 4364 346 2990 1401 3968 1837 
10
2796 2022 399 4942 4347 3870 1644 37 4588 3208 4540 2195 1570 2369 696 30 853 261 4341 1508 4335 
10
4639 1672 3911 1720 2041 2503 1617 3168 505 2393 2286 359 3616 3078 3134 2384 4113 2273 3966 2186 1895 
10
1626 1403 4202 43 3718 2034 2722 4636 2985 3962 3552 4076 881 2325 3551 4628 14 376 2914 1054 3986 
10
447 3328 4461 3278 4637 2172 4759 3711 1818 3193 263 4179 3498 1892 83 2416 3352 2959 2110 2914 1378 
10
3391 1692 2518 3395 2684 2915 4206 4465 2533 2960 1853 596 4150 2045 1226 2207 2956 781 2766 3960 3073 
10
2405 2511 1088 1831 242 2592 969 889 2988 65 4471 4850 2733 1589 4930 4440 795 3922 1924 4911 2079 
10
736 921 4176 3360 1854 685 3857 449 3850 1444 3680 1935 1677 1941 4122 3650 1854 1533 3380 1159 3894 
10
288 4089 478 1027 3262 3602 2938 3858 2711 3532 4666 1406 4918 2588 682 21 473 156 2976 2529 162 
0
