104
19
27
17
75
116
5
34
11
12
28
4
2
37
30
94
95
38
20
138
80
32
4
19
101
9
60
9
87
103
6
65
7
26
102
137
132
45
3
46
4
151
189
81
125
185
145
93
81
20
1
1
78
182
25
19
78
115
78
69
108
4
93
160
48
5
13
164
103
4
69
13
57
25
82
88
64
133
16
18
83
121
108
2
33
61
4
129
42
206
62
23
306
33
85
26
12
92
56
2
30
70
51
67
5
6
135
2
17
2
43
29
39
71
107
11
103
109
44
13
30
10
87
71
36
8
23
8
150
7
28
10
50
29
189
13
1
76
30
17
8
89
13
29
36
10
151
118
176
67
48
3
1
124
83
239
42
5
144
68
38
89
181
168
157
135
121
49
106
15
122
84
44
105
136
151
4
133
79
93
64
115
115
10
13
48
2
3
27
1
98
117
8
133
194
135
81
83
137
96
4
40
67
45
133
1
17
89
1
74
19
191
3
161
96
28
43
134
75
5
225
26
140
236
6
142
4
3
76
4
63
29
226
216
10
133
84
221
43
30
28
89
85
27
330
5
187
18
6
83
11
1
194
110
46
1
