1
120 20
263 436 123 736 386 1 664 165 411 157 12 174 949 644 581 722 80 791 555 453 180 719 855 548 503 894 55 245 397 174 664 660 961 138 395 346 491 58 863 901 566 874 427 867 869 7 588 949 150 494 753 681 564 607 228 66 501 634 662 897 159 326 908 471 815 654 816 305 63 30 558 629 256 984 495 124 342 82 424 843 927 528 875 490 135 102 555 987 87 217 235 597 894 495 67 708 500 235 365 563 264 274 543 519 257 37 995 950 470 770 145 748 298 19 237 784 473 143 122 559
111
68
76
4
2
14
24
62
8
60
16
112
93
118
30
101
26
56
42
47
