15 9 2
26 19 16
26 10 15
5 2 2
34 19 8
11 2 7
41 28 34
19 7 19
25 10 1
5 2 1
14 1 12
45 34 18
37 35 37
1 2 2
37 1 37
34 25 22
12 4 12
27 12 26
2 2 5
48 31 21
27 18 1
14 7 13
23 21 22
21 2 13
43 16 25
1 1 3
19 10 16
47 47 29
32 24 2
19 17 16
39 33 8
11 2 12
10 4 3
15 7 13
28 10 14
38 6 13
1 2 4
12 4 1
42 40 18
13 10 7
33 12 12
16 9 7
5 3 1
40 33 15
19 8 22
30 5 31
10 11 9
17 11 20
32 13 35
6 4 8
36 10 13
49 15 32
12 9 11
44 41 22
17 1 12
27 6 19
23 21 26
23 11 26
22 17 12
6 5 2
43 7 44
21 9 16
4 4 2
1 2 3
24 11 22
7 2 10
35 15 37
12 3 12
47 38 17
33 3 15
37 5 25
38 30 27
3 4 5
41 10 4
41 29 14
19 12 5
9 8 1
19 20 15
17 12 10
35 23 16
28 15 29
34 6 6
1 2 3
44 13 43
3 1 1
50 4 12
13 6 3
11 8 6
20 15 4
9 5 6
39 4 38
2 1 1
20 8 12
44 10 31
30 30 4
48 23 20
9 3 3
49 23 16
29 14 29
46 2 10
33 11 36
30 5 20
20 11 17
11 7 6
45 28 6
11 3 6
32 21 9
14 10 14
29 23 8
45 18 26
46 21 20
11 1 2
25 14 26
40 17 13
1 1 3
13 7 9
24 2 12
48 31 20
48 19 44
39 31 38
35 30 37
24 24 10
7 1 5
3 3 3
10 9 2
3 1 5
33 5 36
10 6 12
31 23 18
24 14 10
39 25 30
8 6 2
9 5 3
15 9 17
36 3 17
16 4 4
19 5 6
22 12 16
42 3 31
7 2 1
13 14 16
7 5 4
48 35 10
14 4 1
48 32 37
49 46 11
30 3 10
17 4 3
7 1 10
47 47 1
27 22 13
32 20 13
37 19 2
47 31 5
15 2 5
3 2 4
15 15 6
31 1 5
13 5 15
43 5 5
45 8 14
9 5 3
42 2 35
3 4 6
7 2 5
43 2 15
22 23 20
17 10 18
47 13 26
3 3 5
46 12 24
35 24 34
32 17 1
31 27 22
50 39 7
36 30 29
38 34 7
35 1 23
42 39 26
17 18 15
9 7 7
42 42 33
2 3 1
22 22 23
4 2 3
10 11 6
48 28 22
26 22 8
28 11 20
20 11 13
44 13 22
49 40 50
36 17 31
4 4 1
3 3 5
39 39 29
6 2 9
27 19 6
20 4 11
28 27 26
6 6 7
3 4 6
4 3 5
38 12 30
42 41 36
13 7 6
39 16 17
7 3 6
5 4 2
23 7 5
30 17 11
34 33 4
28 3 8
11 11 5
10 7 9
26 21 10
21 19 11
44 30 15
19 6 12
26 11 22
36 18 20
46 10 14
50 39 20
39 12 24
18 6 3
36 9 38
35 9 5
21 4 24
21 6 17
6 5 3
4 4 1
24 4 26
16 5 7
35 25 33
23 8 19
18 10 1
38 31 2
20 21 9
21 22 11
47 19 31
22 11 16
23 18 21
37 22 25
42 14 45
46 2 16
13 2 6
15 11 17
25 14 2
38 24 36
22 4 20
4 2 1
19 1 7
13 7 4
39 11 9
34 31 35
16 11 3
21 18 4
31 20 29
22 23 13
10 3 11
6 7 3
15 10 9
9 4 3
6 1 8
38 39 33
32 18 29
5 5 4
46 41 29
26 9 13
13 11 11
7 6 6
27 20 15
45 26 38
4 5 1
42 41 11
6 7 5
12 1 4
21 16 19
7 8 2
12 10 15
7 1 6
42 14 25
36 13 33
7 7 9
41 16 15
23 4 3
18 13 19
48 14 20
43 29 45
26 22 29
6 3 4
43 44 11
47 9 30
33 13 30
4 4 1
48 21 25
46 42 4
8 7 11
30 4 4
36 28 10
44 33 30
8 8 2
7 1 2
36 11 1
2 1 1
43 24 46
17 18 4
37 35 32
23 4 21
31 6 34
26 23 24
14 5 10
36 17 25
29 8 30
49 31 34
40 18 34
23 13 16
17 1 17
20 19 17
22 20 22
4 4 5
17 14 8
7 5 10
21 16 15
42 36 30
25 25 26
19 10 15
19 8 21
37 13 26
50 10 39
47 1 47
20 2 8
27 4 9
28 17 11
6 1 8
17 5 18
1 1 3
27 13 6
31 3 22
38 29 34
28 19 8
24 20 26
46 22 25
24 25 1
39 12 41
39 29 19
16 3 4
46 43 43
41 1 20
26 1 2
21 4 14
28 15 4
20 4 15
49 20 24
37 32 6
27 22 26
43 38 22
5 1 6
34 14 35
16 11 8
49 49 22
33 10 35
35 21 17
37 7 12
10 10 7
17 13 8
24 3 17
31 8 18
16 9 7
12 8 2
5 5 8
26 19 20
50 29 32
20 6 3
13 13 7
13 5 5
13 11 14
27 11 9
4 5 6
34 26 32
41 8 5
50 8 47
34 29 25
17 3 2
45 23 4
9 6 12
33 26 20
10 1 12
50 2 45
33 9 32
27 9 1
31 22 30
29 10 9
5 6 1
48 14 41
17 10 8
29 15 13
10 10 8
40 27 37
34 15 14
5 6 5
6 5 2
15 6 15
33 14 7
31 12 4
22 8 2
19 16 8
36 16 34
2 2 5
21 21 21
24 12 2
6 7 6
14 4 16
34 1 28
30 16 28
50 43 8
3 1 6
20 11 1
14 1 12
34 1 37
14 10 6
32 7 15
20 16 18
4 4 5
43 24 25
33 29 35
40 39 13
45 10 47
9 6 5
20 13 15
14 9 3
45 29 7
20 1 5
4 2 2
29 26 7
25 20 12
15 9 18
18 3 1
20 12 23
22 17 18
43 23 38
12 2 15
31 30 29
14 8 14
45 36 11
7 5 10
48 38 48
22 6 6
49 5 25
41 31 41
35 31 27
42 15 26
48 18 29
20 15 16
15 2 4
27 8 14
36 33 34
34 4 13
16 2 10
40 11 16
29 23 23
41 16 35
28 28 31
9 3 4
34 25 19
37 4 40
42 19 22
16 6 11
25 8 9
38 18 19
30 3 30
42 29 13
38 36 28
48 5 40
37 15 19
47 24 15
36 17 35
5 4 4
21 10 3
36 1 17
40 17 12
19 18 13
11 7 10
18 8 14
7 8 1
46 44 20
12 8 1
37 13 2
10 9 10
42 34 40
26 25 5
40 31 31
26 9 28
13 5 9
9 10 8
2 3 2
25 10 15
25 2 24
19 3 21
28 29 15
44 11 23
44 18 36
21 2 9
16 16 19
24 1 11
35 2 7
41 11 2
33 27 3
12 6 6
50 2 6
34 15 5
4 3 1
27 12 30
15 15 16
36 26 29
48 48 48
44 43 32
37 9 23
15 6 1
37 4 9
45 1 13
15 12 7
37 18 36
36 4 10
30 1 18
24 13 7
23 11 3
1 2 3
33 34 17
41 3 32
1 1 4
6 3 3
50 19 3
5 6 3
39 35 7
23 22 12
42 5 2
40 8 25
49 17 19
31 31 1
34 8 32
41 17 17
10 5 12
13 6 14
17 3 5
11 3 12
42 7 1
6 7 5
38 11 2
6 2 9
48 16 10
8 5 9
2 1 4
14 4 14
34 3 3
38 25 6
3 1 3
49 24 42
28 27 17
24 19 20
26 9 9
37 30 36
10 7 2
50 47 33
7 2 5
27 25 30
26 15 26
3 3 5
44 29 34
1 2 3
5 1 5
39 17 38
46 41 5
33 23 18
16 10 1
10 5 12
31 7 4
20 14 15
32 9 5
9 8 1
3 3 5
17 5 19
8 7 5
30 30 10
47 42 17
46 18 23
14 7 6
3 1 3
15 9 6
24 5 12
7 7 6
39 4 42
8 3 8
25 12 21
37 11 22
5 2 5
1 1 2
8 3 11
26 20 11
50 15 50
33 7 11
30 30 15
31 17 34
31 5 6
14 8 2
47 31 49
41 4 11
28 26 23
28 14 21
23 15 18
23 13 20
31 24 23
14 8 9
29 29 32
6 7 7
47 28 25
45 45 22
16 8 11
13 3 13
2 1 1
3 2 2
28 23 6
15 7 17
23 21 17
26 14 18
12 6 15
36 32 4
3 3 5
16 13 12
6 6 3
23 8 4
47 12 35
12 2 7
44 43 45
27 22 23
24 17 18
33 34 25
46 24 38
43 33 5
50 28 25
40 30 21
37 17 27
23 22 8
9 5 10
25 9 7
30 12 30
19 11 12
35 7 37
45 41 13
11 8 12
35 27 12
23 17 8
1 1 3
35 21 30
48 6 48
16 10 10
2 2 2
41 14 33
37 28 39
5 1 6
2 1 4
50 15 34
47 36 16
8 4 6
23 21 12
20 6 14
50 50 50
50 25 50
