100
2 3 1 
2 3 1 5 4 6 
2 3 1 5 4 6 7 
2 3 1 5 4 
2 3 1 
2 3 1 5 4 
2 3 1 5 4 6 
2 3 1 5 4 6 7 9 8 
2 
2 3 1 5 4 6 7 
2 3 1 5 4 6 7 9 8 
2 3 1 
2 3 1 5 4 6 
2 3 1 5 4 6 
2 3 1 5 4 6 
2 
2 3 1 5 4 6 7 
2 3 1 5 4 6 7 9 8 
2 3 1 
2 3 1 5 4 6 7 
2 3 1 5 4 
2 3 1 5 4 6 7 9 8 
2 3 1 5 4 6 7 9 8 
2 3 1 5 4 6 7 
2 3 1 
2 3 1 5 4 6 
2 
2 3 1 5 4 6 7 9 8 
2 3 1 
2 
2 3 1 5 4 6 7 9 8 
2 3 1 5 4 6 7 
2 3 1 5 4 
2 3 1 
2 3 1 5 4 6 
2 
2 3 1 5 4 6 
2 3 1 
2 3 1 5 4 6 
2 
2 3 1 5 4 
2 3 1 5 4 
2 3 1 5 4 6 7 
2 3 1 5 4 6 
2 3 1 5 4 
2 3 1 5 4 6 
2 3 1 5 4 6 7 9 8 
2 3 1 
2 3 1 5 4 6 7 
2 3 1 5 4 
2 3 1 5 4 
2 3 1 5 4 6 7 
2 3 1 
2 3 1 5 4 6 7 
2 3 1 5 4 6 
2 3 1 
2 
2 3 1 5 4 6 7 9 8 
2 3 1 5 4 6 
2 3 1 5 4 6 7 9 8 
2 3 1 5 4 6 
2 3 1 5 4 6 
2 3 1 5 4 6 7 9 8 
