37 61 28 32
0 1 35
1 2 194
2 3 232
3 4 89
4 5 80
5 6 165
6 7 177
7 8 129
8 9 62
9 10 74
10 11 120
11 12 83
12 13 195
13 14 110
14 15 218
15 16 127
16 17 69
17 18 191
18 19 126
19 20 168
20 21 154
21 22 242
22 23 187
23 24 29
24 25 202
25 26 41
26 27 169
27 28 8
28 29 202
29 30 219
30 31 49
31 32 197
32 33 201
33 34 200
34 35 77
35 36 111
21 12 228
34 4 104
9 36 52
14 16 186
9 1 213
34 2 74
26 6 178
35 26 188
9 21 93
11 33 99
21 35 79
11 7 243
31 6 17
19 21 246
0 27 241
12 23 183
20 16 108
22 17 88
30 10 213
31 20 118
20 4 144
1 23 210
24 19 96
16 26 82
5 18 187
50 236 18 34
0 1 11
1 2 246
2 3 43
3 4 81
4 5 80
5 6 232
6 7 192
7 8 153
8 9 63
9 10 178
10 11 36
11 12 36
12 13 85
13 14 25
14 15 57
15 16 217
16 17 131
17 18 123
18 19 210
19 20 153
20 21 47
21 22 243
22 23 156
23 24 227
24 25 85
25 26 88
26 27 41
27 28 185
28 29 8
29 30 190
30 31 167
31 32 142
32 33 166
33 34 35
34 35 61
35 36 175
36 37 183
37 38 174
38 39 143
39 40 188
40 41 199
41 42 111
42 43 111
43 44 120
44 45 164
45 46 118
46 47 144
47 48 170
48 49 24
20 10 8
0 8 178
18 35 31
27 11 29
12 0 31
28 34 42
48 6 13
22 12 41
25 11 212
37 2 46
15 6 15
16 39 230
48 28 155
1 42 236
21 41 69
3 48 56
26 32 115
37 33 150
16 44 16
15 13 179
16 35 215
12 36 186
48 15 162
24 5 202
26 44 129
5 2 87
46 39 119
4 14 147
47 38 176
48 35 200
19 30 92
9 31 138
6 35 155
43 16 215
34 36 243
44 33 178
46 0 203
4 46 170
10 5 12
42 30 249
3 33 59
20 5 78
46 13 225
17 40 35
33 13 143
2 41 155
42 13 194
8 10 117
18 8 109
15 7 153
12 3 244
2 47 59
39 33 200
38 18 11
0 47 166
21 12 150
7 41 35
45 41 25
34 8 5
21 38 89
32 17 15
37 22 179
9 4 16
15 2 39
6 14 80
41 9 171
9 35 236
44 22 87
27 18 68
4 6 178
12 46 115
32 13 157
18 0 94
3 10 8
24 14 246
14 3 248
16 22 86
15 47 87
11 14 125
0 15 85
32 38 139
47 42 239
11 40 73
7 1 166
41 37 158
34 23 84
36 10 211
16 29 222
6 49 176
17 39 136
25 45 90
38 3 72
17 46 38
18 6 34
0 49 154
35 10 113
9 13 28
48 26 126
8 45 148
28 38 92
32 36 153
30 39 204
18 45 109
14 38 38
32 19 245
14 37 106
6 36 175
10 29 185
10 27 58
33 24 217
5 37 222
47 11 20
42 33 21
15 12 122
19 17 236
21 25 232
8 36 226
26 18 146
4 30 0
4 10 231
45 30 74
29 25 206
41 15 104
2 26 99
30 12 80
37 40 196
39 29 148
23 32 149
26 9 110
21 27 79
2 35 208
32 25 89
4 17 26
5 16 2
5 22 220
10 40 23
9 6 197
40 23 50
48 10 17
49 14 72
6 26 178
12 33 217
12 40 161
33 38 42
30 43 145
28 37 27
27 13 189
48 40 36
44 41 54
34 22 36
38 8 196
25 22 101
37 34 110
18 47 166
12 28 181
20 32 248
29 31 22
40 9 104
47 28 110
13 10 109
2 38 77
24 0 203
31 5 108
2 43 119
0 29 222
47 33 101
31 25 217
4 7 71
46 29 129
0 7 202
1 30 7
49 26 121
44 36 167
37 20 36
22 33 88
22 45 100
29 20 81
5 15 213
39 13 141
21 29 172
16 33 13
19 8 191
19 37 200
38 20 52
47 29 221
7 17 121
46 5 40
30 200 3 17
0 1 250
1 2 207
2 3 140
3 4 217
4 5 124
5 6 236
6 7 132
7 8 97
8 9 105
9 10 1
10 11 52
11 12 250
12 13 95
13 14 78
14 15 192
15 16 166
16 17 231
17 18 149
18 19 101
19 20 10
20 21 125
21 22 29
22 23 81
23 24 78
24 25 122
25 26 56
26 27 150
27 28 62
28 29 143
0 17 48
20 27 176
3 24 103
3 11 44
12 10 56
4 1 65
13 18 26
22 25 8
1 27 130
10 13 105
27 13 20
17 27 222
12 2 21
6 28 142
23 0 74
3 17 48
2 19 104
24 14 43
0 21 213
27 16 47
26 0 105
12 24 166
3 16 205
22 9 25
21 11 128
20 10 130
14 20 236
7 26 179
5 0 190
7 22 66
16 22 57
10 28 207
17 24 222
4 27 145
25 17 28
1 17 240
25 28 24
5 18 87
21 18 55
11 27 192
3 14 67
22 14 38
14 1 105
17 14 24
29 19 158
11 15 172
17 2 38
0 18 37
26 9 179
6 27 204
5 13 53
11 22 60
12 3 143
5 14 231
0 11 221
13 15 75
28 11 243
13 17 93
9 5 37
8 21 239
21 25 106
2 4 235
28 9 146
27 18 246
11 16 105
25 4 58
23 27 4
15 1 143
25 5 130
0 14 76
1 19 23
27 3 136
14 6 7
16 25 58
12 1 64
11 25 191
9 19 206
17 22 125
21 14 14
18 26 220
9 4 122
7 29 198
23 11 172
23 6 61
15 20 207
17 6 20
6 16 47
7 10 167
14 11 51
10 4 183
2 6 188
18 8 12
13 21 120
1 26 74
1 16 108
20 1 229
3 8 245
0 19 219
18 20 239
23 7 120
17 20 50
25 8 199
6 4 226
10 24 85
10 26 140
16 10 160
23 13 99
12 20 144
27 9 69
4 17 222
12 0 232
14 16 190
24 6 84
28 7 229
24 4 25
10 25 41
6 20 168
25 12 121
22 18 94
26 19 43
27 25 224
5 8 62
15 3 70
26 28 220
3 21 154
9 13 204
13 25 145
27 21 52
29 4 206
27 5 171
20 11 93
15 23 213
2 10 55
2 9 14
1 29 25
10 19 120
7 15 117
28 13 171
17 15 219
17 9 138
4 8 4
14 8 182
26 24 18
7 13 113
16 18 204
14 18 136
14 25 244
26 13 201
2 7 223
22 24 9
9 6 30
18 25 147
3 18 154
17 26 198
25 2 108
0 4 185
29 11 153
25 6 73
20 9 212
21 9 85
21 7 25
10 23 118
7 12 0
18 24 150
13 1 92
23 8 43
4 20 165
4 7 144
29 9 190
8 20 126
8 0 48
4 3 2 3
0 1 35
1 2 50
2 3 124
12 11 5 11
0 1 60
1 2 36
2 3 72
3 4 207
4 5 18
5 6 180
6 7 71
7 8 205
8 9 175
9 10 113
10 11 207
25 24 9 23
0 1 20
1 2 167
2 3 56
3 4 104
4 5 147
5 6 121
6 7 50
7 8 66
8 9 244
9 10 192
10 11 243
11 12 93
12 13 84
13 14 35
14 15 222
15 16 149
16 17 44
17 18 17
18 19 226
19 20 215
20 21 95
21 22 222
22 23 98
23 24 33
12 18 4 11
0 1 245
1 2 20
2 3 40
3 4 152
4 5 34
5 6 153
6 7 153
7 8 175
8 9 28
9 10 201
10 11 91
3 9 131
5 9 45
8 4 114
0 5 33
5 7 121
10 2 86
3 10 156
41 113 7 21
0 1 65
1 2 80
2 3 142
3 4 118
4 5 121
5 6 0
6 7 124
7 8 46
8 9 68
9 10 75
10 11 248
11 12 152
12 13 20
13 14 139
14 15 213
15 16 106
16 17 60
17 18 223
18 19 182
19 20 41
20 21 145
21 22 142
22 23 186
23 24 177
24 25 43
25 26 89
26 27 40
27 28 196
28 29 191
29 30 2
30 31 75
31 32 23
32 33 215
33 34 131
34 35 150
35 36 226
36 37 138
37 38 8
38 39 59
39 40 181
3 31 68
15 19 174
13 20 20
39 28 166
27 19 60
3 7 189
31 27 103
38 7 211
16 7 210
1 4 176
36 31 208
21 23 98
35 21 234
0 8 55
29 21 143
7 30 250
6 31 183
5 9 26
8 27 136
5 12 205
9 0 103
14 11 197
19 8 119
32 9 212
19 32 0
9 31 89
10 28 171
10 25 31
38 34 245
11 2 95
19 10 11
3 37 25
16 5 191
40 32 239
37 12 4
4 37 71
35 28 151
35 39 193
15 6 60
31 0 196
37 20 102
35 2 52
31 38 50
20 17 67
14 24 5
18 23 198
1 37 71
14 4 143
25 2 147
6 34 9
32 34 208
7 19 88
18 27 245
22 31 1
3 12 198
31 26 85
33 19 124
9 20 186
36 2 78
35 22 201
36 14 24
36 4 87
17 13 225
21 25 112
0 38 106
13 9 119
20 22 235
24 29 77
20 24 143
31 39 129
33 13 158
17 38 40
28 14 223
14 32 10 11
0 1 17
1 2 38
2 3 24
3 4 75
4 5 25
5 6 244
6 7 105
7 8 71
8 9 96
9 10 123
10 11 149
11 12 36
12 13 144
12 8 204
9 11 178
5 0 215
6 1 0
10 2 141
8 3 127
6 0 177
4 2 81
4 11 152
10 12 1
8 1 170
3 12 100
0 12 173
9 12 184
13 11 213
12 7 190
4 12 160
0 9 2
7 10 148
17 35 9 11
0 1 71
1 2 123
2 3 72
3 4 188
4 5 201
5 6 131
6 7 174
7 8 209
8 9 27
9 10 233
10 11 186
11 12 51
12 13 190
13 14 43
14 15 196
15 16 209
15 13 109
8 12 156
2 13 88
14 7 198
1 15 83
4 8 81
2 4 154
15 0 155
6 9 245
3 10 194
2 14 32
7 2 110
8 13 177
16 6 40
15 11 43
11 16 171
8 2 215
3 13 142
15 2 245
48 127 43 44
0 1 132
1 2 62
2 3 144
3 4 191
4 5 230
5 6 101
6 7 148
7 8 209
8 9 216
9 10 229
10 11 80
11 12 151
12 13 38
13 14 75
14 15 246
15 16 161
16 17 163
17 18 168
18 19 17
19 20 138
20 21 219
21 22 52
22 23 61
23 24 33
24 25 49
25 26 116
26 27 128
27 28 149
28 29 235
29 30 208
30 31 31
31 32 226
32 33 192
33 34 82
34 35 33
35 36 177
36 37 58
37 38 57
38 39 156
39 40 96
40 41 232
41 42 34
42 43 161
43 44 230
44 45 84
45 46 215
46 47 88
27 43 204
19 46 157
13 43 24
7 12 236
35 32 163
8 35 241
32 29 205
23 31 205
30 27 5
9 17 224
1 19 145
34 28 250
23 18 249
7 33 27
33 23 83
17 29 233
10 25 60
10 21 36
39 13 222
0 43 226
32 45 240
8 20 126
18 5 196
5 0 239
43 24 152
15 36 162
1 34 30
30 7 248
15 46 144
4 2 94
13 19 88
18 47 22
7 13 180
22 17 240
27 10 241
44 17 138
4 22 156
47 19 101
11 9 150
14 29 126
13 41 128
9 38 18
12 32 139
37 28 237
23 38 49
14 44 217
3 21 88
34 2 68
7 19 231
22 37 242
9 27 25
37 31 232
43 7 198
8 26 71
8 3 57
47 13 23
7 35 206
11 28 94
25 9 130
19 29 196
32 0 195
39 3 26
12 26 108
39 34 58
38 10 232
37 12 155
38 35 65
19 37 106
9 21 221
14 27 182
40 31 245
24 26 132
22 2 218
27 29 123
41 34 181
42 0 161
43 35 96
21 8 120
22 35 76
46 10 202
32 167 17 31
0 1 86
1 2 127
2 3 129
3 4 112
4 5 160
5 6 177
6 7 64
7 8 113
8 9 206
9 10 77
10 11 34
11 12 203
12 13 141
13 14 5
14 15 34
15 16 43
16 17 208
17 18 47
18 19 131
19 20 146
20 21 46
21 22 47
22 23 75
23 24 232
24 25 105
25 26 77
26 27 193
27 28 10
28 29 90
29 30 85
30 31 137
29 21 95
0 3 243
1 25 203
28 8 102
30 26 28
0 11 90
6 19 31
15 8 68
23 21 181
19 0 57
12 31 113
15 22 239
17 21 153
26 5 18
21 0 91
0 23 172
4 1 62
12 5 108
23 9 237
31 17 104
21 25 168
1 9 166
23 3 204
18 26 22
12 23 160
24 5 16
22 24 164
25 20 182
22 26 131
6 1 40
8 14 122
10 12 140
12 24 76
13 6 26
7 24 112
7 22 140
10 13 181
17 24 180
28 3 158
19 3 22
21 30 32
25 14 41
3 31 160
9 19 117
23 27 172
30 16 64
1 26 180
24 30 209
24 10 224
6 18 186
9 29 59
1 21 146
23 20 42
7 9 156
9 2 133
23 25 10
16 21 139
2 16 25
16 19 116
11 30 73
26 20 90
24 15 218
14 18 168
8 18 124
8 0 151
14 10 228
1 13 7
24 20 206
5 27 183
1 12 231
5 21 244
11 19 53
13 20 57
15 17 71
2 0 180
17 27 17
17 8 185
7 12 85
14 4 134
12 29 61
31 11 22
29 24 15
20 14 118
12 4 47
18 31 224
13 31 138
30 23 23
27 20 196
15 20 184
16 14 145
28 6 157
19 22 54
13 21 204
24 13 153
31 5 168
11 28 29
14 6 46
16 24 226
9 0 248
26 6 216
15 0 241
7 30 68
15 27 25
11 18 86
11 26 90
11 23 126
6 30 28
1 7 241
15 12 93
13 16 2
29 5 132
8 4 55
8 1 55
16 26 164
3 1 194
8 12 244
6 11 162
30 22 139
9 25 151
2 21 118
9 20 43
31 10 16
24 4 241
14 30 133
28 24 103
27 12 47
19 26 126
23 1 42
13 22 89
13 28 205
29 19 126
19 24 99
12 2 179
3 30 90
0 24 146
16 20 36
25 58 5 19
0 1 171
1 2 177
2 3 10
3 4 237
4 5 249
5 6 209
6 7 71
7 8 74
8 9 217
9 10 132
10 11 199
11 12 141
12 13 55
13 14 210
14 15 37
15 16 38
16 17 180
17 18 123
18 19 101
19 20 97
20 21 102
21 22 247
22 23 222
23 24 76
20 15 18
12 24 46
7 1 155
17 7 128
13 20 68
24 7 108
20 2 83
24 18 151
14 19 225
17 12 135
12 1 38
1 5 61
18 21 174
10 16 127
18 5 74
4 20 8
9 21 217
0 6 47
19 13 168
6 24 67
10 1 38
0 2 33
10 13 21
21 16 151
13 0 239
24 20 192
1 4 223
18 4 2
14 2 84
4 15 104
4 12 82
18 22 103
4 0 189
20 14 113
25 29 16 16
0 1 244
1 2 88
2 3 61
3 4 72
4 5 77
5 6 63
6 7 224
7 8 179
8 9 167
9 10 32
10 11 109
11 12 147
12 13 248
13 14 102
14 15 215
15 16 127
16 17 190
17 18 159
18 19 245
19 20 108
20 21 72
21 22 26
22 23 134
23 24 103
12 5 220
21 4 233
6 13 30
13 10 54
7 12 191
34 257 32 32
0 1 136
1 2 37
2 3 137
3 4 124
4 5 239
5 6 244
6 7 131
7 8 207
8 9 236
9 10 101
10 11 240
11 12 121
12 13 160
13 14 137
14 15 78
15 16 245
16 17 134
17 18 37
18 19 138
19 20 129
20 21 218
21 22 146
22 23 11
23 24 184
24 25 237
25 26 164
26 27 181
27 28 15
28 29 208
29 30 16
30 31 24
31 32 42
32 33 154
1 27 246
29 23 126
27 3 95
16 11 159
15 21 199
26 16 235
31 20 40
26 0 115
12 6 11
0 32 7
22 6 183
15 13 91
22 14 153
5 1 49
18 13 94
29 26 108
23 10 107
22 11 1
13 20 232
19 31 240
2 4 23
0 6 8
5 10 237
32 24 93
17 33 59
20 28 202
7 19 145
21 26 47
23 14 72
12 8 149
9 32 129
24 0 196
13 17 17
15 7 4
10 6 61
22 0 43
22 33 34
17 20 109
19 2 179
25 2 45
23 7 230
4 6 135
26 17 168
24 8 69
33 10 58
30 24 244
4 19 65
16 18 70
32 26 238
8 33 225
28 19 101
29 17 10
15 9 85
6 14 92
2 27 236
16 4 69
31 25 44
8 31 154
19 13 143
21 24 122
6 15 213
26 11 121
17 4 9
9 20 233
2 31 185
1 24 215
8 29 70
32 19 133
30 6 80
15 18 17
22 12 60
24 2 241
11 30 217
1 4 205
13 26 106
8 21 104
0 12 3
23 31 185
24 6 51
2 17 108
11 4 66
27 10 111
23 9 223
10 30 109
0 21 25
6 20 240
5 20 34
11 19 47
5 13 88
30 28 30
5 23 93
12 2 96
20 26 67
24 19 66
7 4 6
32 3 227
11 20 164
14 0 68
0 27 84
25 27 31
15 30 104
5 3 27
6 29 183
30 21 39
3 0 173
11 6 180
3 19 63
20 12 30
21 4 72
21 12 42
1 25 5
12 14 65
3 18 77
13 6 63
15 10 211
23 6 104
25 4 239
21 33 224
29 3 117
9 21 194
19 15 105
4 0 8
33 7 66
9 14 29
7 21 227
31 29 42
16 29 102
2 13 113
6 32 142
5 14 59
14 31 97
13 22 164
25 5 5
33 24 235
1 17 95
26 33 88
14 33 155
29 11 65
9 18 99
15 29 216
31 15 126
22 20 40
0 19 189
7 1 184
7 12 88
1 11 213
32 29 100
2 7 94
17 14 51
25 19 112
13 32 70
11 23 144
19 21 201
19 29 101
21 23 12
4 13 8
7 22 8
2 15 169
5 0 71
9 2 220
1 21 111
10 32 167
7 10 186
3 13 218
10 25 20
18 25 103
6 2 178
9 0 85
21 27 230
12 1 118
10 29 237
1 16 23
25 7 133
13 24 158
9 22 44
12 27 86
27 23 98
15 0 166
31 5 51
4 32 90
8 5 100
31 16 202
24 5 155
16 7 244
13 30 250
25 8 126
26 6 36
30 26 223
16 6 219
30 12 128
4 9 103
3 9 250
31 33 198
24 4 156
9 13 55
7 9 203
32 14 86
5 9 60
18 24 136
4 33 107
3 22 200
26 7 79
4 23 101
1 32 236
4 15 84
4 20 155
20 24 5
24 26 114
11 15 240
2 23 121
25 16 213
6 33 122
5 26 231
2 14 8
12 24 236
18 33 41
15 32 123
15 8 247
28 25 230
3 21 144
8 27 111
32 16 137
0 31 186
13 1 6
8 7 4 4
0 1 229
1 2 51
2 3 75
3 4 89
4 5 17
5 6 151
6 7 115
43 319 12 34
0 1 19
1 2 143
2 3 247
3 4 195
4 5 93
5 6 240
6 7 64
7 8 250
8 9 202
9 10 196
10 11 208
11 12 65
12 13 140
13 14 152
14 15 127
15 16 143
16 17 71
17 18 234
18 19 28
19 20 86
20 21 173
21 22 106
22 23 8
23 24 148
24 25 165
25 26 219
26 27 33
27 28 130
28 29 191
29 30 26
30 31 230
31 32 97
32 33 223
33 34 165
34 35 92
35 36 152
36 37 129
37 38 227
38 39 149
39 40 193
40 41 180
41 42 140
38 34 95
24 34 233
4 27 72
16 27 206
39 22 93
21 1 220
35 31 31
26 3 31
16 19 149
33 28 68
38 33 41
41 32 31
11 24 69
11 5 25
18 40 201
30 33 66
13 19 202
37 39 157
25 1 183
39 18 64
4 9 203
25 35 50
41 26 42
2 5 226
26 11 62
37 0 170
40 6 61
20 30 160
18 41 241
19 5 91
36 21 212
36 31 201
4 13 231
18 1 244
12 32 35
1 3 22
19 42 138
11 18 95
27 24 138
40 26 97
28 19 228
19 41 142
38 12 18
14 28 137
11 28 31
7 41 3
17 12 139
9 34 66
25 8 211
25 34 147
42 28 115
14 40 85
6 38 22
39 33 177
30 14 101
22 0 26
17 15 123
40 4 63
1 40 62
32 18 114
13 3 31
18 31 59
15 12 139
38 9 44
33 14 7
13 31 96
9 26 85
33 1 186
21 38 159
25 23 88
35 29 54
30 19 73
1 32 213
13 28 37
26 35 49
15 9 133
42 20 47
15 0 177
7 29 205
18 24 53
15 7 211
19 0 35
35 38 139
11 42 82
38 22 21
31 33 211
22 33 224
16 4 239
31 25 39
37 32 40
24 12 181
14 41 125
40 9 177
6 25 211
22 13 31
24 36 205
32 5 127
2 0 121
2 14 105
32 28 93
17 38 68
26 24 1
17 6 20
22 12 72
13 5 2
42 24 16
6 26 247
39 6 4
25 29 220
33 7 157
0 13 37
23 13 175
12 23 82
26 8 228
39 25 102
28 2 9
10 26 133
39 17 233
36 41 28
8 2 8
26 0 135
32 20 170
41 10 172
7 26 55
7 9 207
30 9 228
33 9 243
29 39 144
5 40 191
27 1 22
8 18 145
31 4 59
0 7 6
33 24 246
2 9 42
42 35 57
3 33 64
19 33 228
4 8 191
27 11 226
23 31 30
34 1 164
18 20 27
40 42 44
41 24 197
26 17 250
16 34 154
21 2 165
35 7 250
22 27 156
3 38 78
16 6 159
2 32 246
31 22 40
36 42 51
22 36 78
14 42 62
1 41 241
17 4 67
16 18 250
35 13 152
2 36 246
13 9 127
39 10 219
24 22 40
29 27 33
16 2 53
11 20 224
2 24 71
2 38 242
31 34 85
34 4 92
15 30 5
13 26 111
17 24 244
12 29 92
5 35 157
40 10 184
26 32 151
39 26 80
24 9 119
6 30 218
32 22 201
34 37 63
17 10 38
8 24 98
31 7 169
31 28 246
30 7 245
21 42 137
6 2 29
20 28 124
32 14 136
17 32 132
31 24 35
39 11 16
30 36 183
31 9 105
29 8 246
7 10 5
37 3 7
9 12 236
5 37 202
34 14 15
11 7 7
15 36 4
16 20 136
30 23 174
27 23 201
37 15 65
27 36 59
21 7 56
2 31 46
41 28 109
34 41 127
14 3 119
15 40 7
21 34 212
13 37 32
19 36 152
30 24 102
30 5 177
37 41 43
33 27 225
31 20 68
31 8 99
34 29 219
25 37 122
29 40 68
38 1 163
7 4 80
30 40 43
20 35 121
35 32 229
41 25 144
35 18 199
18 26 218
6 23 104
8 13 7
32 8 177
21 12 218
20 27 181
40 20 182
21 18 178
29 14 103
14 25 54
16 37 52
32 3 27
6 18 191
11 9 168
28 22 182
42 15 138
19 40 221
31 16 185
10 34 213
23 0 231
20 7 40
19 24 97
17 27 58
13 24 224
21 23 29
1 23 51
15 5 220
11 25 205
41 23 183
18 10 10
29 38 176
34 7 124
12 10 172
22 20 195
32 7 234
11 38 176
19 9 167
35 9 102
21 29 54
4 37 227
17 14 96
7 10 5 6
0 1 231
1 2 106
2 3 103
3 4 213
4 5 109
5 6 166
1 3 163
5 1 49
2 4 74
4 6 56
18 50 14 14
0 1 64
1 2 76
2 3 129
3 4 4
4 5 35
5 6 115
6 7 195
7 8 39
8 9 140
9 10 80
10 11 213
11 12 87
12 13 33
13 14 115
14 15 109
15 16 56
16 17 180
11 8 15
12 9 198
10 14 153
10 7 209
10 8 118
4 7 109
4 17 223
6 16 116
17 14 93
7 1 95
15 10 203
6 1 10
7 13 151
9 7 212
11 2 73
5 16 36
13 9 111
0 14 155
5 17 132
15 17 136
9 15 45
5 10 96
13 1 134
2 8 42
4 16 144
13 4 17
1 9 1
13 17 122
16 9 16
4 9 45
15 11 19
7 5 41
10 6 135
13 12 9 10
0 1 112
1 2 10
2 3 160
3 4 198
4 5 20
5 6 110
6 7 71
7 8 198
8 9 83
9 10 49
10 11 79
11 12 149
38 276 32 32
0 1 218
1 2 144
2 3 19
3 4 190
4 5 59
5 6 145
6 7 242
7 8 143
8 9 124
9 10 159
10 11 146
11 12 71
12 13 241
13 14 69
14 15 195
15 16 46
16 17 105
17 18 216
18 19 161
19 20 21
20 21 202
21 22 186
22 23 228
23 24 214
24 25 61
25 26 216
26 27 124
27 28 193
28 29 152
29 30 173
30 31 170
31 32 213
32 33 205
33 34 11
34 35 157
35 36 224
36 37 236
19 17 248
35 15 138
3 16 90
21 0 124
16 25 103
30 24 54
26 4 48
34 2 204
4 27 157
35 9 170
13 27 119
1 36 46
5 35 86
19 3 9
32 28 140
15 7 65
28 7 36
31 13 195
4 19 215
33 5 228
37 0 178
12 2 162
30 7 154
9 28 157
23 15 20
19 33 132
19 34 74
36 26 93
22 9 103
22 27 158
13 20 123
7 26 86
15 22 56
13 11 157
26 32 168
8 37 177
7 1 172
23 33 58
8 2 6
23 3 132
4 34 32
4 36 88
36 31 1
23 34 2
31 16 197
28 18 203
7 27 193
30 37 25
24 33 101
19 37 154
17 0 63
19 9 120
32 5 25
29 32 163
7 11 97
23 18 97
11 3 243
27 6 89
29 5 203
10 37 60
4 35 100
33 16 213
2 21 29
20 36 108
10 0 140
24 11 214
2 16 179
37 11 149
29 18 53
1 14 198
9 31 172
11 0 105
9 33 59
29 10 33
14 17 16
6 33 205
22 12 50
25 14 229
2 25 78
21 12 214
24 14 104
23 1 70
26 37 150
29 8 48
10 36 53
12 6 70
11 28 215
4 10 21
1 28 89
21 35 132
37 33 78
20 12 4
7 36 120
24 9 9
33 28 239
34 13 127
34 3 184
7 5 21
27 23 90
21 23 182
11 33 32
21 26 42
14 16 198
11 27 6
20 14 178
9 36 150
6 11 219
2 32 170
18 6 88
8 5 61
12 9 237
12 5 71
19 1 248
2 36 19
15 9 136
31 37 4
26 33 190
9 25 61
9 27 80
7 13 81
37 23 236
18 12 196
31 8 159
8 10 189
21 4 137
31 27 35
30 6 76
12 3 201
10 21 185
15 21 148
24 5 10
2 15 185
27 36 21
10 6 143
7 29 86
28 21 231
13 37 212
36 24 137
4 24 48
35 19 225
0 23 60
18 13 12
27 25 154
11 16 71
6 21 60
24 35 202
2 18 98
18 33 7
0 27 195
1 31 204
3 29 16
3 36 13
32 34 59
10 34 63
37 15 128
21 7 60
29 22 96
7 23 36
16 19 185
22 11 167
16 12 109
14 34 142
26 35 65
9 34 17
21 34 131
27 20 237
2 9 6
7 16 92
31 34 102
33 7 65
0 30 164
20 6 160
26 9 155
18 24 181
16 20 214
19 12 48
31 23 12
29 0 201
16 8 87
22 36 147
15 1 144
32 15 152
13 21 174
26 19 88
22 26 239
6 16 249
25 12 53
25 19 51
35 3 68
13 19 118
32 11 14
0 28 98
36 5 249
13 4 58
4 37 187
17 4 88
21 14 231
36 21 142
14 0 156
32 16 73
36 18 250
10 13 28
30 34 224
37 17 64
18 31 20
25 21 189
30 22 150
11 29 141
28 35 218
34 22 245
25 4 13
25 3 151
33 15 143
14 36 145
15 5 157
28 4 175
36 0 217
17 2 137
20 23 204
3 6 103
13 26 7
32 20 12
17 27 55
8 17 187
18 34 128
36 23 36
30 17 9
24 32 84
34 17 176
28 30 90
29 19 198
31 5 150
18 5 99
20 0 107
14 3 57
37 5 227
30 36 53
1 34 75
3 9 58
21 26 6 18
0 1 90
1 2 142
2 3 119
3 4 141
4 5 32
5 6 34
6 7 126
7 8 126
8 9 42
9 10 191
10 11 102
11 12 168
12 13 196
13 14 131
14 15 122
15 16 48
16 17 44
17 18 117
18 19 163
19 20 140
19 11 144
20 5 45
7 13 59
11 3 215
9 19 216
11 5 16
26 25 16 19
0 1 38
1 2 159
2 3 139
3 4 171
4 5 13
5 6 12
6 7 147
7 8 142
8 9 19
9 10 18
10 11 175
11 12 241
12 13 232
13 14 33
14 15 232
15 16 63
16 17 50
17 18 22
18 19 99
19 20 98
20 21 186
21 22 179
22 23 96
23 24 59
24 25 108
8 7 2 6
0 1 197
1 2 17
2 3 54
3 4 55
4 5 44
5 6 170
6 7 195
26 83 24 24
0 1 70
1 2 122
2 3 105
3 4 136
4 5 110
5 6 123
6 7 235
7 8 11
8 9 135
9 10 80
10 11 3
11 12 83
12 13 94
13 14 150
14 15 17
15 16 113
16 17 171
17 18 40
18 19 86
19 20 232
20 21 180
21 22 95
22 23 1
23 24 107
24 25 201
2 13 181
0 21 247
9 12 56
2 23 56
24 5 18
3 18 212
7 2 182
7 9 74
17 11 105
18 7 44
3 10 195
9 3 19
25 5 164
19 0 184
0 14 193
14 7 18
10 4 46
9 22 157
23 18 135
15 13 174
23 0 145
19 16 237
7 11 33
7 5 99
2 14 35
10 18 233
19 5 54
15 24 183
1 4 80
2 22 96
22 6 196
11 14 58
18 20 219
19 12 174
0 3 59
4 2 191
16 5 190
25 6 46
22 5 10
7 22 51
11 3 141
23 25 209
15 19 165
15 8 58
11 5 241
2 0 164
9 21 63
24 19 217
0 25 230
6 13 203
7 17 159
20 8 71
11 18 222
13 18 23
5 20 101
19 1 86
2 16 190
25 10 249
40 311 33 35
0 1 208
1 2 203
2 3 135
3 4 27
4 5 41
5 6 16
6 7 234
7 8 173
8 9 208
9 10 164
10 11 63
11 12 73
12 13 66
13 14 238
14 15 177
15 16 198
16 17 238
17 18 86
18 19 112
19 20 58
20 21 167
21 22 141
22 23 96
23 24 191
24 25 11
25 26 35
26 27 9
27 28 220
28 29 191
29 30 191
30 31 162
31 32 200
32 33 164
33 34 133
34 35 245
35 36 168
36 37 0
37 38 152
38 39 36
31 5 233
38 24 105
29 34 225
36 16 121
32 9 86
25 5 186
31 36 123
2 35 15
28 13 5
26 28 193
1 14 125
24 27 153
6 27 148
9 6 99
8 0 8
37 3 123
20 11 34
0 26 160
35 9 76
12 9 145
20 1 224
3 6 240
35 12 124
30 4 33
3 27 74
37 10 133
6 37 244
18 4 110
38 13 126
18 16 68
5 8 61
12 39 219
34 21 158
0 12 241
19 24 238
4 24 195
25 30 29
16 29 230
17 30 116
33 1 137
24 34 4
4 34 248
6 28 102
36 7 43
15 34 116
33 2 223
1 16 103
28 8 73
5 29 157
31 2 62
24 28 123
3 16 40
39 14 178
23 21 106
16 25 112
39 17 161
35 20 62
11 15 248
29 38 103
9 26 65
37 32 89
12 3 189
15 13 228
32 3 236
14 32 245
3 20 9
5 34 120
39 34 13
36 19 208
12 23 90
5 14 47
36 28 115
35 27 247
17 5 173
10 12 100
32 29 146
21 36 151
12 6 203
39 11 78
6 14 218
33 26 226
4 21 189
12 1 67
36 0 94
37 16 23
11 25 14
4 11 102
22 29 48
27 13 108
35 24 56
11 9 125
9 21 244
1 36 195
3 29 22
33 5 15
29 21 138
13 4 204
37 34 82
9 20 102
26 5 249
35 1 18
25 38 154
20 17 228
10 5 203
28 16 38
1 39 22
21 26 15
1 7 60
15 18 13
39 30 163
26 37 95
25 36 192
39 23 118
29 2 228
27 20 187
31 11 197
27 31 47
4 31 35
9 17 157
3 7 20
35 38 165
19 6 132
35 39 177
11 38 61
24 21 207
39 7 188
31 25 222
35 22 113
11 19 205
18 2 5
26 2 150
39 16 4
24 29 236
37 17 120
20 23 133
18 37 64
23 15 64
38 23 133
22 32 78
34 3 29
20 32 6
18 23 82
22 26 233
11 34 182
28 30 129
4 27 151
7 27 114
6 2 218
6 8 181
4 0 150
22 0 182
33 17 179
13 35 148
28 4 238
38 10 128
30 9 26
27 16 79
32 34 212
17 6 149
37 29 187
4 6 46
25 34 170
13 24 244
36 34 34
30 23 218
18 7 112
8 29 78
29 23 33
21 0 222
8 19 36
1 34 75
5 2 96
4 35 123
35 3 164
15 33 144
0 27 137
39 24 30
16 7 230
6 23 42
38 2 54
38 22 121
18 9 51
34 12 161
32 15 184
31 8 104
33 0 27
11 23 39
12 15 188
22 10 56
30 18 34
5 21 68
10 2 29
17 0 0
33 4 248
14 11 178
18 39 93
14 2 168
35 23 5
29 39 87
21 39 94
11 3 248
7 30 104
30 16 110
18 12 15
20 29 119
26 1 142
17 15 6
6 38 152
8 25 49
16 9 111
22 11 14
21 28 135
27 34 20
33 21 179
21 37 157
18 27 128
11 8 79
30 2 35
35 5 81
26 18 78
25 19 142
0 3 212
1 22 226
23 2 244
8 10 186
0 28 39
18 13 222
19 31 177
16 31 48
19 0 204
6 35 39
11 28 196
4 14 133
34 9 80
3 39 146
9 22 57
37 11 30
21 19 197
1 5 135
2 0 227
8 3 108
14 35 116
36 2 88
4 32 250
30 8 180
17 10 39
22 31 56
0 16 230
38 21 24
12 17 93
3 22 55
15 30 14
26 16 25
7 26 31
6 11 179
6 16 1
13 25 142
20 22 201
10 28 160
18 29 45
4 22 117
19 28 140
10 16 199
29 25 147
17 13 49
24 37 173
7 32 20
11 2 217
35 18 88
17 8 248
20 10 184
0 29 128
9 15 3 3
0 1 28
1 2 248
2 3 191
3 4 71
4 5 24
5 6 49
6 7 234
7 8 132
5 1 147
7 1 18
5 0 39
2 7 150
8 3 198
4 0 130
1 3 2
5 5 2 2
0 1 136
1 2 197
2 3 25
3 4 133
0 4 109
50 191 46 46
0 1 50
1 2 6
2 3 123
3 4 152
4 5 112
5 6 32
6 7 20
7 8 38
8 9 100
9 10 41
10 11 229
11 12 158
12 13 125
13 14 83
14 15 178
15 16 1
16 17 198
17 18 24
18 19 150
19 20 120
20 21 90
21 22 158
22 23 1
23 24 82
24 25 48
25 26 219
26 27 227
27 28 200
28 29 26
29 30 192
30 31 36
31 32 6
32 33 195
33 34 197
34 35 53
35 36 216
36 37 46
37 38 155
38 39 25
39 40 141
40 41 151
41 42 163
42 43 139
43 44 64
44 45 57
45 46 88
46 47 227
47 48 200
48 49 150
49 35 210
10 24 195
32 1 9
3 26 156
32 39 126
11 19 154
15 42 53
37 46 197
43 25 60
27 42 171
37 17 6
5 20 186
31 45 250
37 4 205
16 47 137
30 35 75
6 13 234
14 38 18
40 48 38
24 32 246
48 25 152
1 20 168
3 13 86
26 13 211
26 32 113
8 16 75
13 45 81
15 2 150
24 33 10
15 39 242
13 23 56
47 31 30
43 17 230
43 48 139
16 34 110
4 13 133
41 30 50
0 33 12
36 8 25
30 24 120
25 0 71
49 45 115
8 24 126
34 14 233
40 33 146
48 20 80
9 1 109
0 47 20
49 16 174
18 37 149
29 44 99
13 28 209
28 15 176
29 3 24
41 6 12
40 6 52
9 11 67
48 26 157
26 20 45
48 21 53
28 20 119
0 7 92
18 47 159
34 31 91
44 41 35
7 19 199
34 47 44
16 28 85
12 31 152
26 18 222
1 18 200
22 11 186
16 46 250
6 38 20
29 47 67
15 17 125
17 10 120
5 3 213
17 23 208
44 46 189
28 9 183
27 35 220
43 45 209
21 33 161
48 22 152
15 0 237
23 47 113
36 10 66
46 21 185
13 35 114
49 47 111
34 5 95
17 45 226
5 17 113
6 19 6
26 29 67
15 24 4
18 49 75
12 29 134
34 17 188
4 2 58
46 17 143
39 20 177
17 25 174
30 49 100
3 7 165
27 9 164
16 43 179
49 26 147
10 41 227
34 42 196
39 16 2
42 19 197
17 24 216
36 42 77
14 41 193
22 45 108
33 46 248
30 13 205
21 42 80
7 4 139
40 15 238
22 17 159
20 7 171
1 11 99
2 33 213
20 8 87
18 20 169
27 36 176
48 3 47
40 36 65
43 49 98
11 38 24
24 36 49
30 43 214
14 20 245
0 21 192
44 5 94
34 9 160
1 31 214
2 43 204
46 27 211
48 58 9 44
0 1 179
1 2 123
2 3 53
3 4 11
4 5 181
5 6 139
6 7 156
7 8 61
8 9 106
9 10 171
10 11 190
11 12 190
12 13 92
13 14 162
14 15 155
15 16 105
16 17 215
17 18 221
18 19 68
19 20 100
20 21 183
21 22 133
22 23 133
23 24 247
24 25 152
25 26 48
26 27 142
27 28 16
28 29 214
29 30 243
30 31 55
31 32 58
32 33 164
33 34 84
34 35 153
35 36 208
36 37 39
37 38 158
38 39 216
39 40 82
40 41 8
41 42 45
42 43 120
43 44 204
44 45 63
45 46 131
46 47 148
47 4 176
46 22 161
9 46 12
19 14 155
26 43 195
36 24 167
41 20 57
20 5 202
12 41 30
39 0 250
10 14 15
48 283 40 43
0 1 172
1 2 249
2 3 154
3 4 92
4 5 32
5 6 31
6 7 57
7 8 121
8 9 212
9 10 204
10 11 151
11 12 40
12 13 197
13 14 77
14 15 242
15 16 61
16 17 130
17 18 129
18 19 34
19 20 219
20 21 111
21 22 157
22 23 147
23 24 103
24 25 130
25 26 228
26 27 95
27 28 232
28 29 126
29 30 36
30 31 26
31 32 240
32 33 179
33 34 146
34 35 134
35 36 137
36 37 139
37 38 209
38 39 173
39 40 101
40 41 88
41 42 17
42 43 173
43 44 131
44 45 145
45 46 195
46 47 22
11 25 209
18 32 99
0 22 215
17 31 250
13 29 212
35 28 15
16 42 153
33 2 244
36 2 70
34 18 105
27 37 130
6 19 104
31 9 93
13 41 195
25 15 108
21 35 250
24 13 148
19 36 90
1 38 128
3 36 47
24 8 163
17 13 185
3 22 223
15 24 196
45 6 22
12 35 128
7 29 24
47 42 170
32 14 226
47 38 209
20 29 90
15 29 0
0 45 56
7 33 167
42 22 15
2 35 101
7 42 132
6 27 11
19 37 57
41 3 49
10 7 20
39 35 172
32 17 246
40 16 14
45 30 14
22 33 63
46 32 136
14 27 126
33 44 101
14 40 102
34 22 148
29 33 243
20 39 85
41 36 79
32 25 133
41 19 195
0 24 63
33 45 77
18 43 165
32 3 244
2 10 33
29 36 109
24 39 198
15 44 179
34 45 108
12 27 60
24 44 197
14 34 39
15 11 145
4 13 48
2 46 137
34 36 142
24 32 176
12 43 59
6 25 243
47 36 248
24 17 62
37 8 191
7 34 140
43 33 241
13 8 102
0 32 13
19 29 70
42 29 172
3 6 90
20 5 196
43 25 69
31 23 79
16 5 165
8 3 118
11 42 12
10 37 60
43 11 66
28 22 82
30 41 87
42 33 8
38 33 62
14 7 79
23 29 106
27 8 178
28 6 193
42 9 218
20 24 93
32 45 59
34 30 41
31 46 68
30 23 144
22 7 31
1 44 204
28 41 179
36 23 94
17 6 31
6 16 122
26 13 37
9 28 194
45 3 106
38 46 68
10 35 71
27 24 163
1 32 79
18 3 155
39 4 21
2 29 186
43 39 12
35 41 23
44 6 49
22 36 131
30 33 141
5 13 190
8 21 105
46 20 88
26 39 151
34 9 172
6 0 212
33 0 76
21 2 201
35 5 181
4 16 192
17 1 243
16 12 38
43 22 23
24 10 52
31 33 202
2 22 142
26 14 156
43 20 154
5 26 22
39 41 117
41 47 109
19 45 99
22 18 217
2 0 116
19 4 107
40 9 180
30 21 80
6 1 238
4 32 193
4 47 76
24 36 100
32 16 172
21 46 196
30 17 131
33 23 48
36 26 42
47 45 50
17 23 15
35 33 222
47 2 241
38 11 236
31 42 245
1 30 150
5 29 163
21 28 108
9 12 191
8 42 170
39 31 77
31 1 137
18 39 9
15 38 104
45 13 162
23 34 209
20 12 116
43 0 41
15 19 209
9 7 182
36 12 83
30 2 194
18 4 170
26 10 12
30 25 149
39 19 178
6 21 11
20 33 162
36 30 173
27 44 184
45 42 221
28 45 17
30 4 120
31 13 73
25 34 250
16 8 115
39 6 132
31 6 24
9 46 42
9 15 30
41 21 129
46 6 0
44 34 221
28 44 113
11 20 156
45 43 224
37 33 236
22 6 164
34 10 233
35 19 45
7 0 197
14 23 190
16 45 9
20 3 190
17 36 193
27 43 175
4 38 146
27 45 186
26 11 47
16 22 131
44 29 191
27 4 83
22 45 103
34 8 58
35 46 218
23 26 239
33 25 208
7 18 10
25 46 128
25 2 42
3 26 112
28 74 13 21
0 1 84
1 2 47
2 3 206
3 4 138
4 5 30
5 6 11
6 7 100
7 8 60
8 9 130
9 10 10
10 11 202
11 12 200
12 13 127
13 14 153
14 15 159
15 16 27
16 17 182
17 18 204
18 19 2
19 20 220
20 21 73
21 22 21
22 23 9
23 24 90
24 25 95
25 26 4
26 27 102
10 0 171
14 21 99
17 10 218
19 23 132
18 5 51
7 2 242
24 7 137
27 25 42
17 20 30
7 14 133
23 10 106
7 13 60
20 22 223
12 3 77
6 23 121
21 7 169
21 4 33
15 20 0
3 18 177
19 24 39
17 14 123
9 22 226
23 8 4
26 4 68
12 5 123
14 12 79
10 22 22
20 1 88
23 27 34
13 4 14
26 7 225
27 12 191
8 21 24
4 2 137
5 7 212
25 0 159
9 7 8
19 7 70
24 17 21
13 24 87
13 16 116
27 15 74
27 24 27
12 24 173
11 23 199
12 18 138
26 16 48
29 90 11 26
0 1 121
1 2 159
2 3 70
3 4 107
4 5 31
5 6 83
6 7 222
7 8 63
8 9 111
9 10 243
10 11 207
11 12 130
12 13 226
13 14 215
14 15 166
15 16 3
16 17 138
17 18 45
18 19 161
19 20 68
20 21 102
21 22 116
22 23 6
23 24 213
24 25 188
25 26 133
26 27 182
27 28 17
15 26 20
8 18 218
24 27 192
17 2 194
13 19 46
11 27 18
2 5 118
10 5 13
22 12 164
19 27 148
13 26 163
27 15 181
7 21 64
12 3 100
26 11 147
11 2 121
1 25 88
11 21 134
12 5 210
24 13 34
27 6 141
8 4 134
28 24 96
17 9 243
19 7 249
12 23 167
28 8 248
11 15 212
1 20 242
6 3 62
14 11 113
0 2 163
5 16 237
21 26 203
17 10 175
14 4 98
26 10 92
28 25 111
28 4 163
5 17 170
28 23 54
1 10 79
3 23 247
13 18 216
27 8 18
22 17 114
20 12 128
23 25 64
21 9 224
24 7 46
21 24 149
1 21 228
25 7 227
14 2 177
5 9 147
20 0 137
22 16 51
28 1 44
8 20 55
23 19 89
12 15 79
6 26 101
22 113 6 16
0 1 223
1 2 179
2 3 81
3 4 181
4 5 184
5 6 131
6 7 116
7 8 159
8 9 216
9 10 108
10 11 147
11 12 213
12 13 206
13 14 58
14 15 198
15 16 39
16 17 31
17 18 90
18 19 180
19 20 202
20 21 30
20 8 242
10 16 103
0 18 18
9 3 116
8 15 108
19 11 85
20 2 82
5 17 72
6 1 116
21 0 82
17 7 230
8 14 121
21 5 44
10 20 106
3 12 177
11 0 88
3 15 230
19 9 142
16 20 206
8 21 55
0 14 194
15 7 170
5 3 90
7 3 216
18 10 228
8 0 5
18 7 18
3 11 70
2 4 98
19 15 130
18 9 90
3 21 103
20 0 238
17 19 11
11 13 104
12 6 5
10 17 151
21 9 55
20 14 55
12 5 142
0 6 150
20 15 122
17 9 3
9 2 33
18 4 200
1 10 225
14 10 9
2 15 36
16 9 39
16 0 4
12 16 14
19 12 184
5 14 2
17 12 139
5 15 32
21 10 194
15 0 11
18 11 106
13 0 94
9 20 185
17 11 52
10 6 8
6 16 26
11 7 160
21 12 118
19 10 97
12 2 6
2 21 54
10 12 31
15 18 152
4 11 248
3 17 86
19 13 94
18 21 29
5 18 66
9 12 77
4 15 99
5 8 93
14 7 235
9 13 207
11 1 232
11 15 7
0 2 39
6 21 229
3 14 12
0 9 26
14 11 150
18 13 64
6 3 57
1 16 129
6 17 100
5 10 72
9 8 7 7
0 1 74
1 2 29
2 3 225
3 4 116
4 5 218
5 6 140
6 7 141
7 8 214
45 135 24 43
0 1 37
1 2 150
2 3 80
3 4 75
4 5 222
5 6 148
6 7 136
7 8 78
8 9 51
9 10 239
10 11 201
11 12 180
12 13 167
13 14 193
14 15 51
15 16 52
16 17 153
17 18 10
18 19 181
19 20 186
20 21 100
21 22 0
22 23 131
23 24 68
24 25 181
25 26 97
26 27 96
27 28 245
28 29 197
29 30 18
30 31 80
31 32 140
32 33 248
33 34 240
34 35 213
35 36 36
36 37 14
37 38 193
38 39 78
39 40 46
40 41 85
41 42 130
42 43 0
43 44 246
43 8 205
12 44 91
17 40 163
26 17 142
23 10 3
21 9 140
29 41 173
39 36 237
35 23 206
7 3 95
7 20 22
1 43 5
7 31 242
37 15 218
15 8 248
34 1 140
40 11 124
43 14 3
42 17 24
36 29 217
1 36 87
4 23 72
34 18 38
20 0 220
23 40 220
25 35 150
28 21 194
5 37 243
29 4 57
36 31 131
11 34 27
27 22 86
0 13 81
17 10 202
34 27 168
10 33 35
2 37 35
7 34 230
39 26 13
5 10 9
19 33 209
28 35 192
16 13 211
9 0 39
36 42 147
11 22 126
16 43 62
13 1 37
3 0 222
33 25 224
44 27 77
35 33 97
24 3 37
13 2 100
16 27 191
22 41 226
15 29 209
41 43 189
34 17 138
23 14 23
30 7 217
32 26 189
25 40 229
34 2 182
40 44 170
19 9 101
39 13 80
27 18 110
5 17 49
32 24 115
32 43 92
15 33 17
27 20 8
43 3 173
39 5 33
12 30 5
23 37 195
24 15 110
23 16 67
31 28 182
12 34 175
1 29 128
7 4 112
36 43 168
0 10 95
19 38 47
0 40 220
37 26 84
28 42 161
18 14 92
31 17 224
38 103 2 17
0 1 35
1 2 0
2 3 155
3 4 55
4 5 84
5 6 36
6 7 17
7 8 8
8 9 119
9 10 49
10 11 148
11 12 192
12 13 115
13 14 146
14 15 155
15 16 84
16 17 38
17 18 67
18 19 213
19 20 214
20 21 223
21 22 208
22 23 9
23 24 134
24 25 87
25 26 235
26 27 224
27 28 245
28 29 160
29 30 150
30 31 14
31 32 12
32 33 16
33 34 148
34 35 44
35 36 151
36 37 120
8 6 114
22 2 199
13 10 84
33 5 97
12 26 140
9 30 241
19 33 191
30 34 82
15 20 82
3 9 87
16 36 98
15 25 190
14 5 21
10 18 10
23 14 52
20 26 79
15 33 4
11 24 153
4 11 190
6 1 227
14 2 181
15 7 184
9 1 33
4 26 235
22 26 223
17 22 213
35 11 129
25 35 223
26 29 214
15 18 169
10 24 208
4 2 111
3 18 217
34 6 114
6 31 96
4 33 33
2 11 41
18 11 181
16 13 235
21 2 63
31 7 170
20 14 149
8 18 6
18 6 65
18 35 6
0 28 158
12 27 75
10 34 78
3 24 156
37 32 145
26 5 60
20 25 74
29 23 214
19 7 211
5 21 31
15 8 240
15 13 220
15 23 120
1 3 181
26 17 3
11 33 87
16 34 218
19 3 74
4 6 73
21 10 164
10 31 192
35 39 32 32
0 1 5
1 2 95
2 3 157
3 4 41
4 5 225
5 6 81
6 7 207
7 8 26
8 9 5
9 10 139
10 11 4
11 12 248
12 13 115
13 14 231
14 15 208
15 16 243
16 17 35
17 18 103
18 19 152
19 20 70
20 21 91
21 22 120
22 23 214
23 24 45
24 25 236
25 26 179
26 27 83
27 28 125
28 29 70
29 30 17
30 31 146
31 32 211
32 33 173
33 34 202
26 4 118
8 27 90
4 10 40
8 5 139
27 14 188
13 12 2 11
0 1 46
1 2 96
2 3 48
3 4 238
4 5 29
5 6 41
6 7 72
7 8 214
8 9 155
9 10 80
10 11 67
11 12 193
8 11 5 6
0 1 16
1 2 84
2 3 44
3 4 216
4 5 166
5 6 145
6 7 56
5 1 87
2 5 2
0 5 136
0 4 163
32 144 29 31
0 1 142
1 2 43
2 3 88
3 4 200
4 5 126
5 6 71
6 7 57
7 8 15
8 9 13
9 10 185
10 11 173
11 12 236
12 13 246
13 14 80
14 15 228
15 16 204
16 17 231
17 18 32
18 19 248
19 20 187
20 21 121
21 22 60
22 23 133
23 24 150
24 25 198
25 26 121
26 27 4
27 28 192
28 29 70
29 30 36
30 31 87
22 29 219
2 26 12
7 30 7
21 27 129
17 0 168
30 20 184
20 23 191
4 1 198
19 21 214
8 6 171
11 24 188
28 23 234
27 7 5
0 25 114
13 24 201
18 27 175
18 2 56
16 4 179
19 0 41
15 30 39
23 31 131
13 16 240
21 18 65
11 9 1
0 6 81
12 24 176
16 10 22
22 26 246
28 30 166
5 28 65
28 18 195
8 31 68
11 23 185
9 7 199
15 5 143
2 27 136
2 8 215
27 11 205
5 31 171
27 24 19
30 18 168
1 25 76
1 22 121
23 30 54
3 17 143
31 4 110
5 29 86
16 0 104
17 6 43
18 25 85
22 18 136
21 16 110
26 18 129
4 24 107
23 8 8
0 14 237
11 25 232
30 8 111
12 30 72
16 26 175
20 16 83
13 3 246
10 26 200
3 19 49
2 24 205
4 12 196
23 4 78
7 2 2
15 20 25
22 13 245
23 3 115
7 15 229
27 5 136
10 7 148
15 12 29
25 3 211
24 22 85
18 24 8
27 0 94
7 14 1
4 27 56
25 16 183
25 27 32
25 10 200
16 24 50
24 8 1
0 3 211
17 12 0
31 26 180
19 27 233
6 22 136
3 28 118
30 27 78
28 11 3
14 11 139
9 15 222
29 31 194
24 21 94
11 3 116
13 7 130
26 14 162
30 6 22
30 21 121
6 14 212
29 15 46
7 26 125
14 17 48
5 25 98
11 18 127
7 0 19
20 25 89
30 24 10
29 20 82
46 69 11 43
0 1 206
1 2 146
2 3 244
3 4 127
4 5 223
5 6 173
6 7 90
7 8 234
8 9 11
9 10 54
10 11 248
11 12 176
12 13 211
13 14 0
14 15 138
15 16 131
16 17 208
17 18 3
18 19 198
19 20 57
20 21 62
21 22 204
22 23 96
23 24 174
24 25 78
25 26 120
26 27 127
27 28 182
28 29 103
29 30 46
30 31 128
31 32 175
32 33 75
33 34 18
34 35 142
35 36 186
36 37 228
37 38 157
38 39 33
39 40 110
40 41 154
41 42 213
42 43 39
43 44 76
44 45 82
24 44 82
24 31 229
10 12 102
24 14 156
36 4 223
9 5 175
15 44 146
19 9 10
8 20 241
3 28 93
32 37 119
30 10 118
21 38 27
32 3 23
20 42 180
11 2 188
2 30 203
20 10 93
28 1 73
39 2 98
8 31 239
4 45 121
1 33 187
32 15 37
37 272 20 24
0 1 197
1 2 117
2 3 67
3 4 21
4 5 167
5 6 98
6 7 190
7 8 74
8 9 246
9 10 8
10 11 24
11 12 245
12 13 23
13 14 11
14 15 26
15 16 37
16 17 184
17 18 117
18 19 61
19 20 86
20 21 17
21 22 126
22 23 139
23 24 27
24 25 138
25 26 171
26 27 156
27 28 44
28 29 58
29 30 155
30 31 107
31 32 239
32 33 86
33 34 247
34 35 158
35 36 34
1 17 144
14 9 100
24 7 239
19 36 204
22 8 225
12 15 33
18 9 159
25 19 112
3 22 157
28 22 67
20 24 72
35 30 35
36 27 23
1 13 193
34 1 49
22 35 198
27 15 154
24 27 3
1 19 237
7 14 171
14 24 247
24 11 79
0 22 106
11 32 132
26 29 196
29 32 122
12 8 168
10 34 196
8 13 127
17 14 181
22 27 13
9 26 168
21 9 151
22 16 182
0 36 119
31 2 48
24 32 155
36 20 155
17 5 98
13 34 146
26 4 192
14 4 216
12 30 40
35 4 34
23 28 127
32 15 180
6 15 156
33 31 193
30 2 184
7 34 35
28 17 191
16 27 121
16 34 139
21 33 82
12 27 40
29 25 194
16 6 190
26 8 249
18 0 44
4 11 130
34 36 250
14 31 16
30 14 228
2 0 21
10 29 25
15 26 65
8 34 202
7 20 131
25 21 16
35 26 97
2 15 45
35 18 217
3 15 14
5 24 38
31 35 43
25 4 190
32 8 130
13 26 184
33 13 87
34 23 169
1 14 125
36 10 172
10 3 110
29 17 97
19 32 163
30 17 4
28 11 164
26 19 32
3 6 164
6 27 245
29 8 73
10 23 84
8 30 244
3 13 229
5 28 54
9 15 5
8 0 119
22 33 28
20 27 41
11 23 94
21 27 221
23 30 209
1 16 43
17 3 34
32 7 91
13 36 54
6 22 169
15 30 151
36 9 243
8 2 26
5 32 189
2 25 62
21 0 107
1 11 136
18 12 107
36 23 184
36 17 58
26 6 79
16 31 208
19 2 132
30 18 231
17 15 144
22 2 90
4 29 104
7 4 141
16 11 138
34 17 104
25 28 203
17 9 63
12 6 168
32 28 158
24 26 232
5 19 109
19 8 64
29 6 215
16 20 87
11 31 116
1 23 95
11 34 180
24 35 137
8 4 58
11 14 6
19 28 118
16 18 68
9 12 8
31 12 161
32 30 116
29 0 239
22 19 141
28 21 70
11 26 10
25 0 74
19 21 191
28 24 245
0 30 129
27 19 194
9 31 137
20 35 71
28 34 14
27 18 36
10 31 70
28 16 21
3 16 216
36 22 163
0 13 138
17 4 22
24 0 34
29 9 55
28 12 95
7 5 99
0 32 161
23 14 162
1 8 181
5 25 76
11 17 209
0 33 174
12 29 49
15 34 117
2 33 182
13 2 202
6 35 18
5 1 247
36 6 237
33 4 28
15 7 250
13 17 225
3 25 195
24 13 112
16 23 15
17 24 75
31 22 98
27 7 152
7 3 56
25 18 171
2 24 18
1 32 14
2 6 46
17 7 31
33 25 139
11 0 19
9 13 169
27 33 188
22 30 195
19 30 168
32 34 50
14 27 225
20 3 207
31 23 72
3 12 23
31 27 205
21 34 229
23 8 36
25 23 7
15 20 195
4 30 151
16 13 249
8 28 53
12 1 204
35 32 94
18 10 0
36 14 127
25 36 113
33 9 175
35 12 160
27 13 108
1 7 113
15 33 227
33 35 14
19 35 170
23 13 229
6 13 39
26 2 213
17 0 86
16 14 209
9 20 217
7 10 48
16 25 2 3
0 1 84
1 2 126
2 3 177
3 4 249
4 5 53
5 6 63
6 7 1
7 8 149
8 9 147
9 10 30
10 11 124
11 12 100
12 13 36
13 14 173
14 15 185
6 1 8
10 14 199
8 2 33
8 14 239
3 1 82
9 5 245
13 0 69
5 15 191
15 10 80
11 6 157
29 113 22 25
0 1 29
1 2 73
2 3 118
3 4 159
4 5 39
5 6 35
6 7 214
7 8 235
8 9 1
9 10 109
10 11 120
11 12 66
12 13 110
13 14 249
14 15 3
15 16 184
16 17 35
17 18 245
18 19 173
19 20 216
20 21 222
21 22 211
22 23 24
23 24 210
24 25 212
25 26 16
26 27 174
27 28 176
18 15 202
25 17 37
7 13 203
26 24 88
1 21 132
15 0 177
17 27 184
5 9 59
2 24 15
24 18 9
6 11 217
26 19 63
12 9 230
24 12 66
13 17 186
4 24 7
17 9 12
28 11 173
18 21 25
20 17 81
16 0 117
4 6 58
17 11 4
25 8 11
9 28 187
23 10 97
21 25 212
3 16 81
13 21 131
22 18 18
11 27 12
22 13 185
2 12 67
18 2 71
9 1 223
20 11 225
13 3 43
6 16 178
8 12 151
9 20 125
27 24 212
28 12 146
25 11 94
0 12 150
5 20 197
19 17 145
19 2 222
26 28 92
26 20 226
16 9 188
12 5 122
25 9 209
7 26 46
0 6 26
14 9 120
0 5 205
2 25 198
27 25 16
10 17 79
9 7 249
24 20 230
6 1 177
1 25 222
5 16 124
0 3 26
17 5 26
22 27 18
14 2 243
13 1 135
0 24 13
4 11 143
12 23 79
4 17 237
6 15 13
1 23 183
21 24 245
8 19 146
3 25 215
4 26 98
18 0 151
10 12 193
11 3 239
23 6 108
9 3 232
1 20 17
24 102 11 12
0 1 176
1 2 250
2 3 88
3 4 12
4 5 49
5 6 200
6 7 4
7 8 184
8 9 212
9 10 131
10 11 100
11 12 207
12 13 192
13 14 87
14 15 239
15 16 111
16 17 91
17 18 181
18 19 43
19 20 139
20 21 201
21 22 16
22 23 190
11 7 103
8 3 179
1 18 38
18 6 9
13 6 240
21 15 230
14 3 190
3 10 95
1 9 74
11 9 214
1 13 120
9 4 249
12 5 110
13 20 166
6 11 190
15 9 8
20 15 113
19 0 22
4 20 77
13 3 7
22 15 12
16 3 53
0 7 11
11 16 196
5 17 17
18 11 60
9 21 25
1 17 215
8 0 75
15 5 107
11 8 0
9 20 150
12 10 29
0 3 44
6 15 45
3 21 198
18 21 1
15 18 64
9 22 118
6 4 87
8 16 176
12 6 146
20 16 54
16 13 87
13 21 116
18 23 174
12 15 110
10 17 196
13 2 27
23 15 107
9 3 163
6 9 143
2 21 193
19 9 181
10 6 71
15 0 99
5 19 228
9 23 124
17 21 208
0 22 26
18 12 130
16 21 117
17 20 56
10 7 158
4 19 60
10 15 50
4 21 225
19 10 227
6 23 205
7 17 34
10 0 103
13 9 162
17 9 241
15 4 26
11 15 95
19 3 200
5 14 21
23 3 207
15 7 231
24 68 21 22
0 1 111
1 2 170
2 3 177
3 4 82
4 5 158
5 6 222
6 7 108
7 8 228
8 9 4
9 10 91
10 11 246
11 12 116
12 13 138
13 14 127
14 15 228
15 16 230
16 17 51
17 18 112
18 19 18
19 20 151
20 21 195
21 22 15
22 23 211
6 16 100
8 22 218
23 7 62
16 20 174
23 13 179
11 3 157
5 10 38
17 10 122
17 23 181
19 12 160
15 5 204
8 12 197
6 12 184
13 0 41
13 6 0
10 6 108
21 12 128
7 4 74
16 8 18
21 13 221
1 16 98
18 22 217
0 5 71
22 10 61
12 15 91
16 3 203
0 3 133
5 3 57
2 23 70
21 19 178
10 21 136
14 10 88
2 12 33
6 0 144
4 22 240
15 13 137
9 13 37
20 9 18
5 7 185
6 23 123
6 4 249
12 14 209
6 11 33
21 4 197
7 21 147
5 4 2 3
0 1 63
1 2 159
2 3 20
3 4 202
27 33 10 16
0 1 75
1 2 180
2 3 137
3 4 52
4 5 129
5 6 147
6 7 72
7 8 42
8 9 53
9 10 4
10 11 59
11 12 44
12 13 217
13 14 39
14 15 172
15 16 111
16 17 209
17 18 233
18 19 43
19 20 200
20 21 96
21 22 194
22 23 186
23 24 139
24 25 190
25 26 147
2 11 171
11 14 166
6 2 31
4 25 7
26 19 154
11 20 73
12 4 131
5 4 3 4
0 1 219
1 2 102
2 3 183
3 4 47
23 82 4 11
0 1 124
1 2 174
2 3 227
3 4 47
4 5 147
5 6 188
6 7 37
7 8 207
8 9 26
9 10 163
10 11 34
11 12 110
12 13 152
13 14 221
14 15 229
15 16 193
16 17 188
17 18 50
18 19 26
19 20 250
20 21 79
21 22 104
14 1 248
9 20 192
0 21 238
22 2 50
6 1 215
15 22 42
1 22 196
2 14 72
5 15 133
6 19 174
17 10 95
20 17 60
14 4 13
18 12 205
15 4 102
15 18 23
4 17 109
21 13 156
3 7 123
16 7 67
19 1 136
8 12 202
3 16 115
11 9 23
10 20 103
14 16 212
11 19 230
2 0 166
11 4 76
21 14 70
3 0 121
5 10 69
3 1 91
3 6 39
2 18 12
21 3 79
17 0 160
4 6 207
16 9 85
4 20 105
16 8 8
12 0 20
16 4 39
8 2 89
15 19 170
13 11 163
8 22 191
8 17 134
1 4 141
14 22 128
3 12 169
13 2 127
8 6 139
7 17 159
22 6 209
1 12 28
4 10 187
9 13 56
12 5 201
15 10 34
36 242 29 32
0 1 204
1 2 61
2 3 215
3 4 126
4 5 151
5 6 223
6 7 134
7 8 74
8 9 26
9 10 76
10 11 125
11 12 112
12 13 7
13 14 32
14 15 185
15 16 19
16 17 124
17 18 88
18 19 102
19 20 48
20 21 226
21 22 7
22 23 153
23 24 247
24 25 236
25 26 227
26 27 210
27 28 247
28 29 33
29 30 195
30 31 155
31 32 128
32 33 115
33 34 247
34 35 227
16 31 212
8 19 89
4 1 145
29 8 236
14 21 97
27 35 222
17 24 52
19 1 60
20 18 87
34 3 57
32 22 158
28 19 106
21 29 185
11 13 107
13 7 182
12 25 141
29 3 37
14 8 117
29 15 82
1 6 68
29 5 75
31 3 250
25 34 39
20 0 239
9 35 104
25 16 118
30 6 227
12 3 27
22 31 78
33 4 147
26 5 234
13 10 107
0 35 235
26 18 215
8 15 85
3 30 174
10 31 27
15 7 67
23 25 208
18 16 162
27 6 150
20 12 50
33 20 121
28 17 31
22 25 48
33 21 113
28 20 229
21 35 90
1 17 90
21 7 203
16 2 141
28 33 36
5 13 127
17 6 203
26 4 61
35 17 56
17 26 156
22 12 105
12 21 113
21 24 141
24 34 229
2 12 184
28 1 85
28 35 81
33 5 116
3 7 229
13 8 210
8 34 142
18 34 53
9 31 153
21 3 230
25 21 64
11 31 71
34 0 3
17 23 22
14 31 143
23 28 15
24 19 204
25 29 35
32 16 133
15 27 1
13 1 203
13 18 88
13 29 228
23 2 174
17 22 77
11 20 53
11 28 243
22 24 68
4 30 30
31 5 146
20 8 213
21 10 22
7 30 116
34 20 86
3 1 143
7 10 18
34 32 121
26 35 222
34 26 220
26 3 45
23 16 55
30 14 33
18 9 85
7 33 14
5 3 60
0 2 13
7 22 113
11 0 99
27 31 77
16 33 175
17 11 103
6 35 138
23 13 122
23 0 141
20 9 155
14 27 135
22 10 181
2 25 207
14 28 16
10 32 0
20 4 61
30 11 132
3 32 75
6 16 229
33 3 53
5 19 29
26 0 117
31 13 69
12 9 105
4 18 36
14 26 26
19 15 108
7 4 212
30 21 32
4 13 32
6 14 137
26 8 138
25 6 43
6 13 232
18 22 236
1 26 13
17 3 41
28 30 239
18 8 48
31 34 211
32 25 225
2 27 109
34 21 135
32 27 112
26 31 178
3 23 187
1 12 211
27 4 112
19 35 104
24 1 220
0 19 173
17 27 226
24 27 19
29 11 119
11 14 14
1 27 247
24 2 105
32 21 144
2 8 93
23 11 100
35 5 93
32 30 247
9 5 195
6 4 5
22 8 165
35 13 142
31 17 80
8 16 192
15 23 110
1 9 105
7 34 165
4 12 132
2 6 226
0 24 198
11 1 38
7 23 213
23 32 137
2 30 162
5 8 243
11 21 159
2 34 101
29 34 120
28 8 195
33 8 209
24 14 161
15 21 136
14 17 18
6 0 77
0 13 241
2 15 189
11 22 235
31 20 55
35 4 95
18 10 154
31 18 168
8 4 8
7 31 187
8 32 20
23 1 142
3 35 136
29 32 224
25 111 23 23
0 1 7
1 2 172
2 3 39
3 4 225
4 5 193
5 6 147
6 7 191
7 8 148
8 9 195
9 10 69
10 11 101
11 12 70
12 13 235
13 14 227
14 15 8
15 16 167
16 17 244
17 18 41
18 19 111
19 20 181
20 21 172
21 22 162
22 23 137
23 24 160
14 10 184
16 12 59
8 2 141
19 13 114
17 11 105
3 15 93
8 23 166
16 3 193
1 9 108
18 4 161
9 3 117
23 0 78
15 7 212
17 19 158
9 21 67
1 23 211
12 22 210
21 8 122
5 7 216
9 16 237
1 17 149
15 4 200
13 1 121
24 14 242
6 14 160
0 6 45
3 21 15
20 13 136
3 5 163
10 21 38
16 6 176
13 7 25
14 1 90
2 12 122
16 19 100
8 24 152
2 13 211
19 23 215
2 16 131
13 11 127
1 21 69
20 7 244
4 11 150
5 20 56
3 7 86
17 24 248
12 19 219
11 8 58
17 5 87
1 6 8
24 9 3
15 18 47
18 6 145
21 17 166
16 20 218
16 24 86
17 7 165
8 5 70
14 18 83
19 15 142
9 13 4
12 7 46
17 10 26
11 6 141
4 2 28
21 14 13
14 20 238
22 3 154
2 20 184
20 10 28
22 9 109
11 1 41
8 4 112
4 10 157
10 24 70
6 19 140
12 14 202
24 3 242
0 15 25
7 18 20
18 0 140
11 5 177
11 16 88
14 11 159
14 9 186
2 7 206
16 1 248
39 177 27 34
0 1 103
1 2 163
2 3 89
3 4 213
4 5 23
5 6 50
6 7 243
7 8 116
8 9 116
9 10 215
10 11 118
11 12 239
12 13 118
13 14 177
14 15 115
15 16 17
16 17 10
17 18 41
18 19 29
19 20 37
20 21 223
21 22 26
22 23 113
23 24 176
24 25 65
25 26 114
26 27 162
27 28 149
28 29 50
29 30 25
30 31 228
31 32 70
32 33 186
33 34 93
34 35 29
35 36 70
36 37 27
37 38 124
30 35 197
2 26 120
34 20 43
24 4 32
28 32 40
11 7 53
2 21 188
23 6 247
10 24 202
29 14 186
38 14 249
7 22 68
14 35 58
8 10 83
5 38 167
38 15 131
25 15 21
3 20 13
29 18 121
23 30 223
10 18 227
11 13 211
1 25 62
38 30 132
4 28 125
28 1 242
27 15 58
38 0 213
5 10 7
37 20 136
7 4 111
3 27 106
19 2 49
4 21 229
8 17 103
32 18 26
11 8 29
18 22 168
11 31 150
1 5 245
31 19 119
14 20 65
33 6 88
16 2 50
25 13 95
6 13 13
32 26 96
33 7 52
27 14 24
9 19 129
29 36 1
16 37 140
21 11 215
36 27 61
31 9 152
16 28 161
20 28 84
10 7 115
2 10 113
36 18 173
15 26 234
19 7 128
21 12 118
38 16 194
27 38 29
34 18 134
0 2 95
7 20 168
24 15 170
0 11 100
8 15 215
26 4 30
8 26 13
33 19 107
12 6 43
24 38 233
11 37 109
12 14 123
26 14 14
9 7 92
3 25 243
18 27 5
22 6 44
1 9 138
29 33 203
35 3 215
26 3 57
0 5 140
5 8 30
26 36 34
9 13 6
33 0 239
12 8 142
24 13 97
0 10 53
15 22 133
36 20 25
33 3 146
34 27 109
34 29 140
36 12 195
29 2 171
13 0 192
13 22 235
14 1 239
17 20 245
25 34 109
11 17 21
3 8 68
31 10 200
18 0 113
34 36 22
16 9 99
27 6 145
1 29 194
29 9 184
29 5 217
30 21 28
12 0 187
19 15 239
37 26 102
34 13 43
38 23 119
9 30 223
25 36 78
28 37 128
29 19 113
11 25 220
23 28 64
18 33 143
22 4 10
16 13 14
1 18 190
35 8 224
14 28 34
27 13 181
36 31 24
20 2 205
9 4 40
22 69 15 19
0 1 91
1 2 197
2 3 230
3 4 21
4 5 235
5 6 58
6 7 222
7 8 158
8 9 137
9 10 0
10 11 206
11 12 211
12 13 30
13 14 120
14 15 140
15 16 115
16 17 121
17 18 14
18 19 101
19 20 76
20 21 133
2 5 179
21 4 237
16 6 147
16 1 53
11 18 79
11 8 224
18 13 148
11 16 241
21 11 63
7 0 223
18 0 58
12 5 156
8 21 187
13 9 54
8 12 16
1 15 179
12 21 46
0 17 8
13 15 205
17 2 56
18 12 244
14 4 122
19 13 14
0 3 168
13 1 183
18 8 238
2 0 161
6 0 90
18 14 69
15 5 232
11 15 198
11 2 32
4 6 157
13 16 183
14 17 168
11 1 85
18 9 10
21 18 26
12 4 235
3 7 26
10 0 88
7 16 197
19 3 191
13 17 239
17 5 74
1 12 234
11 17 196
10 17 33
36 123 2 32
0 1 139
1 2 185
2 3 63
3 4 39
4 5 27
5 6 135
6 7 90
7 8 76
8 9 108
9 10 211
10 11 20
11 12 143
12 13 116
13 14 94
14 15 213
15 16 63
16 17 128
17 18 30
18 19 247
19 20 209
20 21 43
21 22 106
22 23 107
23 24 15
24 25 161
25 26 6
26 27 182
27 28 235
28 29 170
29 30 89
30 31 200
31 32 94
32 33 218
33 34 0
34 35 119
31 24 177
26 12 64
3 28 36
12 3 225
20 15 144
16 14 197
20 16 80
20 29 69
16 32 232
19 1 17
8 34 22
1 21 215
17 6 29
17 33 85
15 4 174
35 26 99
25 35 40
10 27 68
16 29 192
4 28 97
33 29 67
23 11 35
2 28 182
25 34 21
4 13 17
27 1 148
19 32 123
27 25 141
19 30 45
32 20 34
32 23 168
7 21 226
14 5 245
18 3 126
12 31 214
12 15 10
22 30 157
13 21 128
11 28 181
4 9 109
29 12 12
19 12 232
15 11 208
10 2 181
8 17 200
34 2 5
13 28 213
5 10 188
4 7 109
9 35 127
22 33 68
4 17 131
10 15 156
15 27 209
1 3 128
3 23 209
26 30 249
2 12 53
16 23 48
10 23 149
34 31 218
12 28 37
9 19 145
6 30 135
9 22 239
25 5 226
10 29 98
13 34 228
13 2 236
29 25 167
34 1 217
23 20 23
13 11 107
1 17 35
2 11 61
10 28 51
34 32 242
8 16 141
24 35 199
33 31 124
34 21 26
14 20 118
0 11 140
22 12 68
12 17 46
20 13 133
29 11 241
21 35 133
21 57 16 18
0 1 116
1 2 60
2 3 88
3 4 240
4 5 236
5 6 163
6 7 187
7 8 207
8 9 249
9 10 186
10 11 233
11 12 186
12 13 117
13 14 111
14 15 21
15 16 43
16 17 55
17 18 224
18 19 141
19 20 200
11 6 196
16 12 112
0 6 162
10 0 92
16 5 59
7 13 21
19 0 76
10 19 50
2 8 56
13 1 158
2 13 234
6 16 107
15 4 103
9 17 126
12 18 163
11 13 237
18 10 225
6 15 167
6 8 152
17 14 52
8 14 242
2 11 64
19 11 77
9 13 207
10 20 43
1 7 105
1 8 156
1 6 46
9 18 8
7 17 133
18 7 162
10 14 166
20 0 45
8 5 145
5 3 51
20 9 84
15 19 54
14 13 8 8
0 1 14
1 2 195
2 3 225
3 4 4
4 5 139
5 6 107
6 7 203
7 8 108
8 9 127
9 10 227
10 11 14
11 12 123
12 13 250
31 166 13 29
0 1 249
1 2 173
2 3 224
3 4 201
4 5 99
5 6 190
6 7 98
7 8 28
8 9 6
9 10 184
10 11 38
11 12 234
12 13 104
13 14 40
14 15 244
15 16 211
16 17 201
17 18 142
18 19 246
19 20 103
20 21 26
21 22 84
22 23 47
23 24 247
24 25 39
25 26 28
26 27 195
27 28 15
28 29 0
29 30 27
20 24 37
24 14 130
5 16 210
29 14 76
28 10 139
0 17 11
8 30 149
0 7 51
30 0 46
26 18 151
23 19 195
30 20 219
13 7 170
7 19 213
1 25 247
23 3 24
19 11 131
13 10 108
23 0 3
3 7 200
23 16 177
5 0 168
14 19 77
27 29 17
10 20 40
26 3 229
3 21 152
12 4 69
14 1 190
5 19 211
19 25 214
7 25 236
9 26 113
29 7 88
4 21 4
29 3 106
19 1 145
5 24 73
17 23 77
0 18 49
17 22 246
8 24 6
20 7 180
28 4 208
27 8 183
15 13 99
10 25 12
22 18 63
26 10 12
2 20 236
21 6 234
30 14 146
2 16 92
13 16 22
18 10 8
9 1 204
21 23 231
0 19 216
14 20 32
30 27 97
30 11 117
24 7 0
9 6 13
27 12 20
17 8 176
5 15 203
10 12 199
22 15 211
12 20 22
25 20 128
13 17 74
8 6 18
26 13 204
20 26 129
15 11 169
9 2 31
8 20 216
30 15 75
24 21 36
12 1 226
2 27 218
23 11 13
2 21 108
26 2 25
24 2 205
23 5 198
13 21 39
18 14 232
3 11 173
28 8 42
27 13 220
21 18 227
16 21 47
6 12 237
25 9 200
4 13 228
1 17 117
18 6 169
15 28 240
2 18 167
22 27 85
5 9 119
28 30 197
5 13 185
29 13 18
7 16 146
22 12 96
2 5 189
30 26 46
28 17 183
11 2 239
5 10 219
4 7 169
19 28 160
16 9 101
10 29 101
15 12 223
13 24 184
17 7 52
10 14 146
12 29 162
30 21 183
17 4 65
0 12 62
16 8 25
5 11 56
4 15 220
12 17 176
18 11 40
12 30 93
23 8 72
0 8 59
9 13 125
10 7 65
10 8 190
1 18 228
44 155 33 42
0 1 101
1 2 87
2 3 167
3 4 178
4 5 88
5 6 201
6 7 95
7 8 30
8 9 56
9 10 123
10 11 89
11 12 13
12 13 35
13 14 194
14 15 229
15 16 58
16 17 174
17 18 122
18 19 37
19 20 215
20 21 166
21 22 108
22 23 237
23 24 177
24 25 30
25 26 33
26 27 65
27 28 171
28 29 196
29 30 139
30 31 183
31 32 173
32 33 50
33 34 55
34 35 221
35 36 194
36 37 178
37 38 9
38 39 153
39 40 51
40 41 176
41 42 9
42 43 153
42 7 240
41 15 104
1 27 239
38 36 7
29 7 9
21 15 160
0 2 9
39 30 82
35 18 144
10 15 190
32 9 136
25 31 132
38 32 196
2 24 54
30 41 39
19 43 112
29 6 180
37 16 71
29 18 78
19 30 238
2 23 145
9 13 30
1 40 211
35 2 174
10 39 206
40 30 183
6 17 11
20 42 155
26 16 177
19 15 227
12 35 90
38 28 147
24 43 230
40 23 141
17 11 248
25 6 195
9 21 29
14 31 180
33 1 132
38 17 205
22 33 194
39 24 103
3 35 202
27 40 245
31 28 167
26 7 68
10 7 91
9 2 182
39 20 109
40 33 111
33 16 57
37 28 25
13 38 223
12 4 201
36 14 34
18 22 210
5 43 33
11 29 101
25 37 216
19 29 234
33 6 100
34 26 209
30 27 75
12 18 195
17 33 124
36 40 114
22 1 131
20 27 40
25 10 220
4 27 207
14 40 24
32 13 176
19 12 17
17 24 233
35 40 79
26 40 26
15 2 139
39 14 194
19 27 189
5 30 57
35 42 158
12 38 147
38 26 182
23 26 197
31 8 203
23 39 71
39 36 100
8 22 238
10 32 9
7 11 105
36 28 11
16 9 219
13 0 208
25 36 102
40 19 228
9 34 144
21 38 135
5 3 114
33 27 23
38 2 232
26 18 204
14 6 129
32 7 22
15 4 212
32 5 172
30 18 23
25 7 2
33 23 201
13 41 6
40 38 120
21 23 108
26 12 227
17 19 15 16
0 1 195
1 2 30
2 3 43
3 4 140
4 5 200
5 6 14
6 7 26
7 8 241
8 9 42
9 10 246
10 11 179
11 12 123
12 13 25
13 14 164
14 15 176
15 16 169
12 14 181
11 4 120
0 10 159
21 49 9 18
0 1 184
1 2 9
2 3 112
3 4 27
4 5 240
5 6 84
6 7 35
7 8 78
8 9 29
9 10 39
10 11 212
11 12 202
12 13 145
13 14 158
14 15 59
15 16 162
16 17 88
17 18 40
18 19 28
19 20 71
0 15 213
20 1 145
12 19 65
9 16 96
11 20 4
13 20 110
2 19 205
4 14 225
14 10 6
2 5 250
9 13 136
2 15 244
17 1 45
18 10 249
2 14 77
5 1 122
1 15 132
4 12 52
19 10 197
5 11 33
15 20 86
11 1 248
16 3 143
8 15 185
6 1 206
13 8 180
18 2 179
5 9 85
6 20 205
24 24 6 17
0 1 233
1 2 114
2 3 200
3 4 219
4 5 48
5 6 32
6 7 240
7 8 131
8 9 197
9 10 181
10 11 131
11 12 72
12 13 170
13 14 97
14 15 161
15 16 38
16 17 84
17 18 145
18 19 118
19 20 25
20 21 136
21 22 167
22 23 76
3 10 190
43 408 14 32
0 1 146
1 2 163
2 3 214
3 4 7
4 5 71
5 6 107
6 7 165
7 8 247
8 9 16
9 10 191
10 11 156
11 12 231
12 13 180
13 14 229
14 15 30
15 16 131
16 17 210
17 18 80
18 19 107
19 20 22
20 21 151
21 22 81
22 23 83
23 24 166
24 25 192
25 26 153
26 27 166
27 28 47
28 29 203
29 30 110
30 31 136
31 32 28
32 33 137
33 34 11
34 35 132
35 36 103
36 37 79
37 38 109
38 39 90
39 40 108
40 41 30
41 42 168
2 6 15
40 22 133
25 37 67
22 6 178
32 38 197
5 24 28
7 32 184
9 31 109
30 33 110
33 36 87
23 42 115
27 7 98
18 23 215
12 36 214
32 12 187
5 34 182
39 9 169
18 24 76
39 29 25
3 36 100
8 22 173
10 21 88
22 18 97
11 0 20
33 21 122
11 30 156
20 16 204
10 20 37
17 36 173
24 32 24
18 39 40
4 33 236
2 11 216
32 28 142
32 37 75
2 39 118
21 19 109
29 25 71
23 41 170
9 25 89
2 25 61
34 42 110
7 19 29
29 19 152
15 18 19
23 39 153
1 36 191
28 16 166
13 4 215
3 34 239
8 12 205
33 37 173
4 12 30
41 32 20
0 12 19
11 25 236
24 39 217
14 40 183
36 42 133
40 0 73
17 5 36
2 4 196
27 37 158
18 11 0
2 9 14
16 8 69
4 42 134
5 13 135
26 2 152
7 20 181
12 22 192
36 24 79
10 31 199
40 20 187
21 38 245
11 26 28
8 1 64
25 21 155
41 7 29
8 5 137
10 30 231
17 19 186
27 5 190
27 17 179
36 16 227
29 27 126
13 17 234
38 28 147
37 3 250
25 5 192
36 27 24
18 13 56
16 38 17
28 20 75
11 38 34
33 16 202
26 16 241
34 39 207
34 41 232
2 28 131
30 15 10
33 17 238
24 1 201
31 26 13
21 0 179
21 29 30
30 42 88
1 17 214
18 25 95
13 21 181
4 28 37
35 39 5
17 12 185
27 39 96
26 35 157
23 33 66
33 19 18
8 34 1
36 15 119
10 2 136
22 20 249
6 21 102
31 13 106
17 10 236
18 16 218
9 19 30
10 8 72
13 16 201
1 32 83
34 38 19
16 14 0
9 1 105
7 36 143
20 17 6
30 40 64
24 26 245
24 27 124
39 3 204
39 31 25
26 17 72
3 30 78
23 34 61
27 15 214
6 4 94
16 41 233
7 0 219
29 37 129
13 32 109
36 11 31
9 26 75
23 27 8
40 33 84
7 23 132
33 35 195
34 29 112
28 42 73
9 28 16
4 0 58
3 28 201
3 23 125
42 2 60
35 31 148
22 24 186
1 27 121
1 26 72
0 41 247
7 1 170
34 17 191
6 0 224
33 8 228
7 9 154
14 12 188
36 8 100
25 39 248
34 30 205
7 11 24
2 30 217
9 3 38
37 15 92
23 0 134
25 40 32
5 30 59
32 14 65
16 4 220
0 10 160
27 18 59
24 40 91
28 37 33
15 8 189
4 31 184
35 20 232
32 23 232
22 26 169
3 18 196
34 10 89
41 2 134
15 11 119
17 24 88
40 37 200
29 33 4
41 30 70
35 16 149
11 29 135
23 10 191
24 34 226
37 24 95
11 24 4
31 22 120
18 31 40
17 40 79
2 20 233
30 6 104
31 42 46
3 33 59
20 34 70
39 19 215
16 25 154
25 30 46
29 10 237
9 22 60
35 4 140
35 22 30
1 6 60
27 32 63
14 23 232
35 7 122
19 28 205
28 13 152
3 6 129
34 9 205
21 8 123
31 36 124
1 25 183
36 4 165
30 12 233
0 26 136
25 34 148
17 8 156
7 10 70
8 4 123
34 15 66
1 21 177
22 2 66
21 24 73
29 41 140
33 26 235
31 12 122
8 38 108
40 10 157
29 2 118
20 1 105
5 14 9
6 37 165
7 21 19
19 16 249
6 18 82
5 20 222
14 10 0
35 15 41
39 10 59
14 17 92
12 10 135
37 18 192
38 42 13
3 21 104
0 22 36
4 37 104
32 29 52
2 40 182
13 41 202
23 35 57
1 41 122
37 23 138
33 2 49
12 28 94
14 9 0
6 23 139
33 42 189
20 3 175
39 1 38
20 24 135
13 24 155
31 28 178
24 16 81
40 13 73
24 42 33
2 27 49
11 21 19
7 37 185
35 3 109
13 6 154
7 26 4
36 13 216
1 30 53
38 27 134
14 19 213
17 7 239
37 42 79
8 28 69
10 15 205
19 36 190
17 37 107
1 37 36
28 24 227
16 31 21
3 15 194
36 2 4
0 14 71
37 34 182
21 23 17
24 9 72
14 18 113
14 6 25
28 39 68
26 4 107
35 25 108
23 30 9
27 9 35
4 22 62
0 36 3
0 34 27
28 10 109
34 26 231
28 21 45
1 31 166
18 29 23
8 31 85
26 21 138
36 10 50
28 1 178
34 27 219
19 26 204
20 33 167
29 4 41
19 35 17
32 42 225
31 6 34
0 3 219
33 5 47
2 21 246
16 21 141
3 13 169
17 25 223
35 42 40
35 41 135
14 30 140
25 27 184
41 26 216
29 1 207
2 31 10
5 0 185
11 9 147
23 19 114
1 15 146
21 39 73
36 32 77
33 38 14
32 9 155
12 6 197
19 5 167
9 29 124
35 24 143
14 38 66
24 33 86
4 23 168
4 7 137
24 122 5 23
0 1 143
1 2 65
2 3 54
3 4 70
4 5 229
5 6 33
6 7 167
7 8 89
8 9 182
9 10 64
10 11 21
11 12 117
12 13 16
13 14 240
14 15 117
15 16 9
16 17 40
17 18 215
18 19 29
19 20 89
20 21 168
21 22 162
22 23 242
23 5 210
1 16 149
1 6 43
23 11 171
19 13 133
9 17 226
14 9 79
7 12 117
3 1 108
11 13 109
22 9 234
14 22 133
14 5 208
9 23 90
4 8 137
2 21 196
5 18 69
4 2 178
18 6 55
2 7 239
22 6 214
23 14 85
15 4 5
12 21 73
14 18 114
19 4 246
6 9 93
7 1 240
20 4 210
1 4 186
10 17 96
23 21 122
3 0 228
16 4 250
20 18 158
15 0 179
12 6 247
0 9 82
6 20 226
11 4 222
10 19 81
17 7 76
22 18 86
17 14 151
8 0 74
20 16 99
12 2 134
13 6 53
14 20 85
13 17 191
18 9 81
13 16 15
2 22 181
15 10 250
15 11 23
18 8 41
20 17 137
15 13 156
20 9 201
22 19 91
22 3 152
0 6 28
0 17 35
16 2 41
21 18 64
15 1 20
8 19 182
8 22 0
12 8 197
9 1 147
4 0 144
7 19 86
15 7 226
18 12 153
19 23 144
0 22 25
3 12 246
15 5 139
5 16 107
14 19 24
7 13 35
16 7 75
17 21 35
17 4 112
3 23 196
15 8 198
21 13 105
5 22 241
7 18 126
7 23 20
21 16 193
11 16 124
20 3 41
1 5 45
15 9 54
23 10 17
2 18 128
10 2 201
17 19 188
43 146 39 42
0 1 179
1 2 181
2 3 220
3 4 61
4 5 234
5 6 240
6 7 62
7 8 15
8 9 48
9 10 160
10 11 15
11 12 47
12 13 127
13 14 90
14 15 199
15 16 35
16 17 58
17 18 224
18 19 110
19 20 167
20 21 78
21 22 127
22 23 144
23 24 156
24 25 238
25 26 54
26 27 179
27 28 230
28 29 243
29 30 191
30 31 40
31 32 69
32 33 228
33 34 80
34 35 101
35 36 206
36 37 46
37 38 75
38 39 1
39 40 88
40 41 186
41 42 47
40 13 130
21 14 247
31 15 71
37 31 221
35 10 237
1 18 81
5 19 104
12 24 164
0 8 136
25 19 117
42 33 201
6 20 89
4 24 7
8 21 177
41 5 136
19 26 29
9 3 239
14 12 18
42 38 127
36 9 111
11 23 232
31 12 150
8 24 71
32 22 242
26 23 1
28 10 236
12 6 182
14 6 52
7 10 91
33 27 200
26 11 209
24 36 91
7 14 100
37 11 121
36 6 243
36 39 140
19 27 153
0 30 97
8 2 239
5 37 170
27 14 136
15 28 11
22 8 230
33 6 4
33 35 107
31 36 186
7 34 71
19 40 163
38 28 14
19 3 126
39 23 208
36 33 104
22 17 71
16 18 159
40 24 230
10 4 137
20 0 156
16 37 128
11 36 94
16 3 33
24 21 182
2 32 198
4 20 55
39 1 24
2 41 170
28 5 161
22 41 30
31 17 147
0 36 118
12 34 109
11 24 79
20 27 87
17 19 107
12 21 11
9 18 198
12 20 39
3 28 126
26 0 219
1 3 240
18 4 144
38 25 38
41 33 123
11 5 227
20 7 209
12 41 37
6 11 198
5 15 56
9 5 40
16 0 38
6 27 9
41 11 132
28 0 74
16 10 38
14 18 180
5 36 94
17 26 23
11 35 76
20 41 242
13 6 108
28 12 54
6 10 42
20 14 202
31 13 155
9 41 140
21 30 8 15
0 1 234
1 2 240
2 3 10
3 4 193
4 5 87
5 6 96
6 7 131
7 8 24
8 9 249
9 10 156
10 11 40
11 12 192
12 13 155
13 14 52
14 15 65
15 16 125
16 17 20
17 18 80
18 19 20
19 20 160
2 17 84
13 6 14
6 18 111
13 0 104
10 15 77
17 0 41
16 11 69
10 2 221
7 3 220
16 10 31
9 8 3 6
0 1 34
1 2 87
2 3 187
3 4 9
4 5 70
5 6 216
6 7 83
7 8 111
40 308 24 29
0 1 241
1 2 51
2 3 89
3 4 23
4 5 233
5 6 236
6 7 70
7 8 193
8 9 231
9 10 13
10 11 40
11 12 29
12 13 206
13 14 228
14 15 194
15 16 107
16 17 80
17 18 7
18 19 125
19 20 148
20 21 109
21 22 245
22 23 74
23 24 119
24 25 0
25 26 18
26 27 92
27 28 179
28 29 123
29 30 124
30 31 127
31 32 139
32 33 36
33 34 49
34 35 159
35 36 151
36 37 114
37 38 245
38 39 90
38 22 88
30 14 45
0 9 82
26 33 235
5 15 236
9 24 191
19 39 176
20 26 178
10 33 51
1 33 32
20 3 65
34 38 116
20 18 115
26 14 166
27 4 232
32 30 154
31 3 156
34 13 17
18 9 240
24 15 1
17 34 241
5 22 133
1 26 3
2 5 115
5 14 0
0 24 197
37 20 109
15 29 129
9 35 36
1 30 38
4 37 207
38 29 110
4 33 16
1 29 208
11 4 208
17 8 210
23 3 40
27 16 47
15 33 5
10 29 131
18 30 38
18 11 134
33 23 43
16 30 111
29 39 138
19 5 180
36 1 25
21 0 1
12 35 61
36 12 143
37 28 89
37 1 156
4 12 175
36 6 155
3 30 225
1 28 42
10 6 4
16 32 170
19 29 243
27 29 134
26 22 76
25 13 112
28 16 219
5 37 192
37 18 108
26 4 76
8 30 80
29 37 49
3 10 247
22 1 80
28 6 138
28 18 67
1 13 158
11 37 3
27 22 46
39 23 248
7 30 192
11 34 206
4 38 133
0 16 11
10 19 129
10 30 114
8 38 59
7 3 139
0 5 31
33 9 205
12 7 128
25 36 223
22 36 221
20 15 130
33 30 104
32 38 31
25 27 209
37 35 215
14 31 49
11 39 202
28 23 164
20 31 225
21 15 82
28 33 212
30 37 200
32 23 42
17 20 140
28 25 63
11 28 242
10 39 73
10 13 91
7 13 23
21 9 21
34 28 94
19 1 155
38 13 55
9 14 166
18 14 76
19 6 164
25 33 61
14 25 129
17 29 141
27 39 227
3 27 22
37 16 55
27 19 77
35 21 29
18 29 137
19 11 88
12 22 100
26 37 53
13 5 33
38 3 121
8 34 196
6 33 190
20 30 78
37 8 7
24 10 191
29 7 205
5 21 125
12 37 139
28 13 71
20 25 132
9 22 223
4 24 101
6 11 122
10 25 86
2 29 219
35 38 4
21 1 221
13 36 220
10 0 115
27 24 116
39 33 149
10 26 215
2 27 57
20 11 68
21 30 62
26 11 146
15 0 229
34 31 38
33 13 84
17 1 56
12 32 187
3 6 239
4 34 15
14 39 156
34 0 177
15 1 175
38 9 143
12 28 67
33 17 202
12 19 199
10 18 43
4 19 77
3 8 114
28 21 141
37 10 182
39 1 226
37 25 192
26 0 179
7 4 219
11 1 77
28 31 124
11 13 10
23 37 204
36 29 69
23 29 66
1 24 195
13 8 128
2 7 148
27 34 69
18 4 54
21 17 63
16 12 23
5 27 43
10 32 199
21 8 89
3 32 157
9 20 187
36 2 73
16 11 87
8 18 109
28 14 101
20 4 10
8 36 37
11 5 84
33 36 85
10 38 6
22 33 51
29 20 40
39 6 46
3 33 224
3 18 61
38 6 15
11 27 107
10 5 112
15 34 125
16 31 100
22 2 40
3 25 158
23 36 17
17 10 16
36 15 82
31 17 180
5 25 107
31 24 77
26 17 55
7 5 46
15 12 4
32 18 19
32 2 104
29 31 132
27 17 182
0 37 197
26 34 184
26 38 31
6 9 245
15 9 68
3 36 167
3 14 128
38 5 243
6 22 130
9 26 208
28 22 249
32 39 70
22 30 22
4 0 60
26 8 30
10 2 102
3 37 68
15 4 96
30 4 153
35 17 120
39 16 210
39 31 37
35 18 78
8 24 92
25 34 5
23 26 142
32 7 233
36 16 149
15 23 86
23 31 235
17 32 142
8 28 84
33 11 151
23 9 11
2 17 238
37 2 147
20 5 81
5 36 183
35 10 114
39 53 13 28
0 1 243
1 2 151
2 3 12
3 4 25
4 5 123
5 6 233
6 7 14
7 8 169
8 9 243
9 10 148
10 11 48
11 12 181
12 13 53
13 14 20
14 15 193
15 16 48
16 17 171
17 18 181
18 19 207
19 20 249
20 21 139
21 22 85
22 23 28
23 24 243
24 25 78
25 26 159
26 27 38
27 28 39
28 29 76
29 30 239
30 31 218
31 32 185
32 33 225
33 34 202
34 35 128
35 36 60
36 37 42
37 38 12
9 37 98
31 28 68
19 17 237
16 11 101
25 18 155
18 31 10
29 37 76
1 18 109
22 10 163
13 38 176
14 32 173
24 9 117
34 14 129
33 36 161
6 17 75
47 443 24 45
0 1 80
1 2 94
2 3 206
3 4 206
4 5 89
5 6 163
6 7 77
7 8 88
8 9 98
9 10 149
10 11 15
11 12 31
12 13 12
13 14 135
14 15 212
15 16 224
16 17 233
17 18 19
18 19 90
19 20 43
20 21 197
21 22 2
22 23 19
23 24 122
24 25 63
25 26 233
26 27 182
27 28 161
28 29 10
29 30 63
30 31 188
31 32 233
32 33 229
33 34 185
34 35 27
35 36 230
36 37 120
37 38 33
38 39 196
39 40 143
40 41 206
41 42 96
42 43 59
43 44 241
44 45 223
45 46 151
9 32 141
0 31 214
15 1 124
15 23 8
37 3 84
46 22 85
23 27 55
22 38 242
7 28 191
3 41 154
29 5 217
6 4 250
37 5 110
38 24 210
21 6 147
7 9 123
38 33 237
27 15 121
6 34 153
6 44 147
30 16 141
8 11 189
26 32 107
21 45 73
21 10 56
8 27 223
46 10 203
25 41 222
13 3 184
5 18 216
38 17 136
34 22 153
39 0 26
30 33 63
4 20 154
39 22 93
36 3 82
16 35 207
1 40 204
28 9 134
35 42 220
10 4 99
42 37 86
15 44 150
26 0 19
19 3 59
40 5 80
5 39 2
35 12 31
9 3 8
7 27 18
0 38 234
45 20 31
25 11 80
2 0 250
3 32 4
13 16 61
40 17 184
24 11 124
31 13 199
21 17 81
34 42 62
11 35 169
38 31 40
38 1 96
13 28 225
24 40 245
30 21 213
24 44 98
10 12 190
41 18 106
17 37 44
8 0 136
14 19 238
27 11 27
36 23 179
2 18 6
7 16 6
2 37 248
21 39 14
26 2 170
25 19 90
31 24 249
6 11 10
17 41 52
16 19 75
33 23 172
5 14 164
28 3 31
9 18 54
19 15 44
4 13 86
18 16 102
46 44 28
22 4 198
22 27 162
20 14 172
4 14 144
39 42 34
4 46 58
41 22 225
0 35 169
3 14 92
14 26 236
41 30 81
36 25 80
6 31 96
14 31 245
26 4 181
33 26 241
16 39 47
37 15 147
13 24 70
6 45 181
20 25 60
40 10 0
5 12 145
9 2 200
43 7 154
11 40 52
37 25 162
22 35 120
43 0 157
37 33 227
28 15 55
25 18 139
4 15 137
13 45 207
44 29 242
15 41 218
29 19 213
9 11 86
8 19 140
40 36 139
32 20 80
34 39 229
33 45 237
3 24 102
45 12 169
29 39 212
44 40 183
4 21 191
16 6 90
11 1 46
29 11 82
14 30 121
20 26 147
43 6 148
15 22 16
34 24 128
44 25 51
16 31 127
15 33 236
11 3 146
12 28 47
3 25 61
31 25 48
36 24 79
19 24 99
14 17 52
20 7 87
14 41 144
0 30 67
27 3 93
40 28 222
10 28 210
19 0 194
5 7 81
29 45 91
20 38 186
15 36 137
16 29 244
46 23 190
12 14 164
8 13 33
42 27 181
18 11 154
9 22 3
30 32 157
6 14 212
15 26 239
3 16 150
36 4 53
26 34 193
32 39 10
18 20 120
12 21 41
39 33 145
7 44 99
46 15 205
32 25 149
42 20 183
35 31 174
11 2 132
23 44 74
37 13 59
43 3 214
0 41 29
5 34 248
41 19 177
18 42 140
25 5 122
2 23 142
25 4 140
5 8 100
12 16 29
3 18 226
29 13 60
39 43 153
22 28 141
16 24 237
14 32 238
25 46 243
27 34 89
8 30 33
29 6 249
43 16 219
18 34 162
39 11 84
45 15 171
21 36 57
9 15 192
10 44 132
9 30 86
26 43 217
22 20 75
46 27 24
9 13 0
23 37 144
23 7 7
15 40 171
31 45 67
38 2 107
37 22 83
18 15 73
18 0 179
4 2 223
37 41 103
22 33 132
8 44 209
37 0 211
40 43 144
24 45 4
29 1 146
28 33 126
43 30 120
28 45 84
26 11 162
32 17 1
20 33 162
20 40 193
34 45 164
36 17 34
2 33 197
22 0 65
20 3 87
14 9 199
45 38 47
44 37 184
19 43 194
32 45 148
27 31 110
10 45 214
6 26 242
19 32 160
36 32 52
46 32 129
36 42 79
10 33 96
20 44 60
33 46 106
16 10 144
17 19 164
8 46 223
21 0 145
34 1 149
41 31 195
35 15 230
30 44 137
11 41 21
36 39 79
22 17 14
41 35 27
10 32 185
12 20 217
1 42 37
4 41 161
43 10 83
36 14 88
37 29 3
21 43 171
22 12 141
41 39 164
21 23 131
5 42 0
22 25 206
44 18 167
34 11 69
8 20 235
8 41 161
42 40 115
5 30 104
23 25 136
28 41 36
5 0 74
22 26 178
23 3 76
5 22 94
33 21 210
13 5 121
42 0 112
33 40 173
18 4 224
27 0 17
26 44 213
32 7 94
0 29 120
39 14 113
46 41 123
0 28 173
21 37 119
10 37 65
25 33 156
39 4 160
38 34 56
28 25 110
25 21 128
20 41 116
8 23 91
22 31 53
34 7 185
31 36 184
1 30 13
34 43 128
2 19 186
4 24 110
1 46 113
32 22 136
5 27 198
32 21 54
46 12 180
1 10 172
21 29 36
10 2 102
11 19 5
46 17 34
26 10 154
40 45 16
12 6 35
44 22 48
43 20 214
22 29 129
6 18 63
24 42 72
17 25 59
34 14 129
29 42 222
37 35 205
25 16 220
16 41 136
24 1 37
44 0 6
28 46 176
28 6 45
8 34 198
46 30 162
29 3 20
43 1 67
23 4 87
29 7 197
2 31 106
2 5 61
32 27 44
24 18 226
42 46 26
37 46 53
12 17 161
36 43 196
32 38 246
30 10 0
11 13 181
21 31 230
18 8 178
27 29 83
32 16 130
1 25 51
43 18 193
29 32 232
42 15 98
17 23 102
18 12 103
19 30 170
40 35 216
4 9 86
2 45 228
39 30 5
22 11 19
13 29 6 9
0 1 167
1 2 162
2 3 86
3 4 248
4 5 0
5 6 111
6 7 181
7 8 89
8 9 222
9 10 189
10 11 169
11 12 114
0 2 247
12 0 195
12 4 34
3 1 200
7 12 33
3 6 156
2 9 166
8 2 135
9 6 117
10 6 38
4 10 119
0 5 58
4 7 189
9 5 109
11 7 215
11 6 77
12 2 112
48 345 35 47
0 1 205
1 2 88
2 3 85
3 4 157
4 5 105
5 6 50
6 7 1
7 8 225
8 9 26
9 10 27
10 11 69
11 12 119
12 13 18
13 14 102
14 15 164
15 16 130
16 17 244
17 18 231
18 19 137
19 20 120
20 21 217
21 22 125
22 23 162
23 24 22
24 25 191
25 26 161
26 27 18
27 28 173
28 29 86
29 30 216
30 31 237
31 32 132
32 33 214
33 34 183
34 35 197
35 36 114
36 37 92
37 38 67
38 39 101
39 40 248
40 41 116
41 42 5
42 43 124
43 44 168
44 45 31
45 46 231
46 47 210
2 21 195
29 45 176
6 28 180
14 29 232
25 28 33
0 2 178
40 22 60
13 42 14
26 7 171
47 22 35
44 31 198
7 35 42
0 34 15
17 24 189
27 19 216
35 4 146
5 16 245
5 45 238
40 10 6
2 40 153
1 22 89
35 27 221
23 31 231
7 28 182
38 18 168
20 22 20
47 6 141
40 18 159
16 33 88
18 0 15
19 32 56
11 16 21
39 42 159
46 18 177
39 6 90
2 16 163
28 32 174
13 31 62
42 19 233
28 23 16
30 45 157
9 12 108
12 44 191
34 45 128
25 35 230
5 34 48
13 38 101
8 3 68
3 43 210
29 37 134
30 47 161
43 18 82
3 38 97
31 29 64
24 36 133
0 20 193
5 9 129
8 6 187
15 47 87
33 25 8
20 13 179
8 37 56
31 15 97
39 31 154
19 30 29
31 45 147
46 10 195
12 47 172
1 31 216
4 16 128
11 44 168
21 29 207
41 32 23
32 43 55
28 12 181
38 27 80
36 8 242
32 16 17
6 42 9
3 37 56
34 26 23
34 3 40
9 32 138
19 26 162
45 36 181
31 5 152
30 1 123
34 41 21
4 37 223
35 32 117
40 38 41
7 42 13
43 40 92
39 45 155
7 33 49
43 29 164
14 9 217
28 47 203
15 8 38
39 10 149
32 21 184
31 19 167
24 29 13
7 0 47
8 33 100
45 0 144
40 5 94
47 39 88
26 36 177
35 41 17
7 11 52
47 43 183
43 39 154
6 30 25
47 9 202
46 20 123
15 44 14
7 3 29
25 1 152
8 5 77
16 37 200
0 21 145
36 27 11
12 46 157
37 43 99
47 4 69
37 44 144
10 8 141
18 28 204
14 4 200
34 9 116
47 7 218
15 4 72
19 40 164
22 10 200
25 31 180
19 24 114
32 6 64
5 26 77
0 46 213
8 14 43
34 2 55
47 8 215
35 23 43
4 38 103
25 36 93
33 11 205
34 44 58
36 30 235
10 38 193
41 21 66
47 5 7
19 10 182
2 29 196
15 30 71
18 33 148
34 21 207
34 18 105
46 3 187
9 23 156
16 18 72
35 8 122
35 15 140
1 4 222
23 39 215
33 45 223
9 31 79
18 21 27
37 7 2
17 3 28
27 9 167
41 38 112
42 11 31
27 20 102
38 8 176
11 40 153
15 12 106
30 23 108
4 29 1
27 44 89
17 30 209
8 18 222
41 43 222
32 12 38
42 23 81
3 25 130
6 26 169
30 27 28
22 26 29
15 1 94
15 17 60
38 23 145
12 5 113
21 42 116
37 6 132
14 42 234
33 41 174
11 17 132
45 13 140
38 21 155
15 18 51
2 22 25
7 44 116
19 14 30
17 35 76
38 6 114
25 38 50
21 9 201
6 36 14
37 12 54
12 10 207
5 18 112
7 5 31
44 40 189
17 22 110
6 18 96
32 36 72
17 31 40
0 44 47
46 23 9
17 36 4
8 42 152
17 0 212
20 11 41
24 45 71
7 43 206
5 27 236
28 40 239
24 26 185
38 42 108
30 39 107
40 31 246
43 5 80
35 44 249
32 10 94
14 32 233
12 43 67
10 25 90
39 26 68
30 4 232
39 0 233
42 9 182
40 6 149
42 16 180
17 21 34
15 6 136
8 44 111
0 29 203
32 20 229
11 5 154
16 31 237
5 22 43
17 41 136
23 32 30
24 11 66
1 21 90
30 44 122
34 19 125
29 39 204
13 47 228
32 1 100
5 17 148
34 40 66
20 28 82
36 39 8
5 20 216
32 3 152
21 44 133
47 40 213
31 18 78
15 24 80
12 6 22
24 12 106
0 16 22
25 13 187
26 29 61
14 16 15
45 8 145
10 41 67
31 10 1
10 42 212
31 7 48
38 29 198
26 1 190
11 0 209
40 26 97
21 37 235
5 37 164
31 8 207
39 22 4
0 27 25
33 17 156
12 23 161
24 35 6
33 46 146
41 20 28
18 14 36
46 38 217
9 18 4 5
0 1 33
1 2 94
2 3 154
3 4 128
4 5 142
5 6 120
6 7 113
7 8 225
3 0 194
7 0 105
8 2 24
4 8 176
6 0 115
5 0 234
7 5 49
7 2 82
4 1 84
1 8 136
12 33 5 9
0 1 192
1 2 186
2 3 177
3 4 44
4 5 149
5 6 178
6 7 237
7 8 57
8 9 79
9 10 231
10 11 133
8 1 44
9 0 170
8 2 161
4 11 169
8 4 117
2 5 22
1 9 225
9 11 102
11 5 147
8 0 196
5 1 45
11 2 138
7 0 60
9 7 230
2 4 151
6 9 154
11 1 138
1 6 243
10 2 81
10 4 181
9 4 61
5 3 170
25 88 18 19
0 1 116
1 2 230
2 3 48
3 4 96
4 5 97
5 6 184
6 7 237
7 8 120
8 9 76
9 10 4
10 11 118
11 12 152
12 13 9
13 14 7
14 15 126
15 16 22
16 17 201
17 18 33
18 19 72
19 20 114
20 21 25
21 22 95
22 23 168
23 24 56
24 2 217
10 7 6
16 20 118
24 6 57
3 13 210
8 14 165
22 2 106
20 14 229
5 3 42
24 12 22
23 7 34
8 20 120
7 0 99
16 7 140
16 19 201
10 12 241
1 6 125
17 4 158
23 16 68
16 6 189
20 10 47
11 16 198
4 19 15
4 15 59
17 0 187
22 24 87
5 7 171
24 4 131
4 22 222
5 0 177
3 16 220
12 7 170
8 2 131
18 14 173
11 14 185
1 8 71
23 18 52
2 18 15
2 16 160
11 6 17
6 14 72
12 0 230
21 9 115
3 23 230
9 11 192
1 7 88
12 14 214
5 19 204
5 24 122
24 16 51
21 4 187
5 14 155
22 16 156
3 9 24
15 19 80
15 1 22
6 8 114
9 17 104
19 1 74
6 23 199
2 21 146
13 20 198
5 10 212
19 2 69
37 36 14 25
0 1 218
1 2 14
2 3 208
3 4 173
4 5 201
5 6 219
6 7 39
7 8 223
8 9 88
9 10 88
10 11 135
11 12 108
12 13 113
13 14 157
14 15 15
15 16 54
16 17 170
17 18 171
18 19 192
19 20 128
20 21 240
21 22 219
22 23 187
23 24 108
24 25 80
25 26 215
26 27 23
27 28 109
28 29 121
29 30 136
30 31 224
31 32 107
32 33 92
33 34 232
34 35 134
35 36 239
49 387 19 31
0 1 174
1 2 159
2 3 54
3 4 120
4 5 167
5 6 247
6 7 127
7 8 130
8 9 18
9 10 222
10 11 56
11 12 187
12 13 78
13 14 89
14 15 187
15 16 7
16 17 178
17 18 212
18 19 89
19 20 191
20 21 204
21 22 148
22 23 48
23 24 39
24 25 81
25 26 72
26 27 249
27 28 214
28 29 31
29 30 175
30 31 227
31 32 177
32 33 38
33 34 246
34 35 162
35 36 175
36 37 156
37 38 64
38 39 2
39 40 130
40 41 101
41 42 58
42 43 210
43 44 67
44 45 189
45 46 127
46 47 62
47 48 13
0 31 76
41 1 210
16 9 19
10 14 101
19 40 5
20 31 224
6 47 11
27 2 250
22 2 135
39 32 145
11 48 3
48 25 34
33 47 140
35 10 199
35 40 248
38 45 123
36 0 188
37 20 73
21 39 47
43 20 146
32 17 217
20 1 60
46 34 54
14 23 119
43 28 212
48 22 67
6 30 27
15 41 171
45 17 97
44 32 85
19 3 22
14 30 192
25 22 230
42 30 70
16 24 233
29 17 182
21 24 180
45 25 101
15 38 59
40 42 143
29 39 195
10 32 208
36 33 72
11 27 34
44 39 32
17 3 220
33 22 135
29 47 85
1 29 121
40 5 22
41 32 86
13 6 130
43 22 140
13 33 6
20 40 174
19 27 210
9 32 84
19 39 127
24 30 85
17 24 13
17 5 100
36 44 96
5 44 41
44 46 59
23 1 180
40 13 24
29 18 227
42 5 180
36 21 232
15 5 182
41 43 215
33 6 68
47 41 1
20 33 246
9 43 160
42 23 84
3 21 3
31 15 190
37 6 49
38 26 55
8 48 118
31 7 104
16 20 143
19 10 158
31 3 247
34 10 148
32 43 127
28 42 138
23 8 84
30 44 71
34 29 192
17 30 222
10 31 220
28 7 205
26 10 17
26 9 65
9 29 197
33 9 47
48 15 234
4 29 104
40 9 71
30 36 229
1 27 55
14 9 132
46 24 107
32 34 152
42 1 59
0 21 187
48 5 94
34 40 3
1 9 139
46 48 220
14 20 179
27 35 78
25 37 48
23 20 31
43 2 124
20 24 27
38 42 225
12 4 165
48 30 200
27 16 111
45 9 19
12 22 65
26 16 140
41 27 117
31 41 139
2 46 179
23 0 204
17 4 111
30 46 109
1 12 231
14 31 64
38 27 179
16 13 111
27 37 121
35 14 55
32 26 71
43 14 32
43 10 87
1 17 178
42 8 146
18 23 234
31 4 171
26 31 73
28 45 240
25 6 13
48 43 178
14 29 97
11 31 19
4 32 164
27 36 113
1 28 96
33 30 212
33 8 137
14 46 54
24 13 16
43 18 44
12 24 18
22 13 74
47 19 38
28 34 96
28 33 236
12 3 172
10 36 157
12 30 91
25 7 67
11 24 244
25 12 152
47 25 142
0 10 167
18 15 154
22 9 119
14 37 89
15 43 7
41 19 207
8 17 114
5 1 79
48 31 88
31 47 210
36 11 158
4 26 29
13 23 244
44 41 78
34 16 51
28 17 196
3 43 192
34 8 21
37 12 172
27 0 11
7 5 136
42 11 161
40 18 182
32 30 182
44 29 204
45 24 75
39 31 110
41 17 87
48 24 184
45 26 234
35 32 50
10 38 164
37 2 76
9 4 65
1 8 141
11 23 125
40 2 41
15 1 173
45 14 133
11 29 249
46 11 206
29 35 124
45 7 174
32 15 107
48 12 110
34 30 78
18 22 86
18 30 245
39 43 235
40 45 61
38 34 159
25 41 246
17 42 227
10 2 136
45 23 75
27 22 160
3 38 87
4 6 27
31 45 31
19 46 155
3 22 93
27 23 88
2 38 205
25 13 66
6 18 21
5 30 140
19 13 230
29 13 19
39 11 198
29 22 27
26 19 98
47 24 157
23 43 112
13 31 71
44 10 188
11 15 76
24 38 238
16 45 20
17 35 193
8 14 133
48 1 110
35 6 85
32 27 210
41 29 107
19 34 31
15 21 75
24 32 36
2 31 133
19 48 103
32 16 157
5 9 204
36 15 162
40 27 176
3 44 169
44 8 49
25 10 73
47 17 52
27 42 98
46 9 175
7 10 119
38 40 246
12 36 56
21 6 49
12 16 171
15 13 179
24 33 194
43 24 227
23 30 236
41 37 244
9 37 181
5 32 4
7 24 143
30 47 137
4 20 8
40 21 162
14 0 83
25 11 170
28 10 107
32 7 144
28 46 11
2 23 237
7 18 87
40 10 110
41 35 213
34 45 73
13 20 194
39 9 79
27 47 11
21 28 193
0 41 179
22 6 243
30 43 151
1 33 34
33 7 228
21 18 247
7 19 70
23 35 189
46 22 190
16 10 91
1 45 35
6 40 0
3 14 181
7 29 5
46 39 27
19 29 71
15 7 98
20 34 77
11 28 22
16 25 221
3 37 16
6 39 170
41 18 52
5 28 6
19 33 224
45 36 154
20 25 178
44 20 107
15 4 217
46 25 55
27 20 143
47 5 30
1 39 128
39 7 35
40 23 92
23 46 76
35 22 113
12 21 76
19 17 108
36 32 17
46 68 34 40
0 1 36
1 2 102
2 3 64
3 4 55
4 5 47
5 6 121
6 7 236
7 8 207
8 9 140
9 10 176
10 11 216
11 12 129
12 13 104
13 14 238
14 15 3
15 16 30
16 17 45
17 18 34
18 19 109
19 20 42
20 21 188
21 22 126
22 23 225
23 24 183
24 25 107
25 26 100
26 27 233
27 28 106
28 29 205
29 30 95
30 31 55
31 32 6
32 33 43
33 34 189
34 35 154
35 36 169
36 37 166
37 38 117
38 39 18
39 40 39
40 41 39
41 42 2
42 43 149
43 44 81
44 45 133
19 32 231
6 35 137
21 7 93
29 34 201
1 21 92
17 24 131
42 7 230
14 23 150
40 10 224
45 8 125
3 40 241
40 12 27
22 16 204
43 17 181
31 11 140
12 34 225
43 5 33
30 19 50
44 23 65
34 23 29
2 13 1
42 38 22
0 34 84
21 102 15 17
0 1 206
1 2 153
2 3 116
3 4 244
4 5 47
5 6 42
6 7 38
7 8 26
8 9 205
9 10 188
10 11 112
11 12 101
12 13 8
13 14 112
14 15 204
15 16 62
16 17 191
17 18 180
18 19 177
19 20 70
20 6 71
1 12 53
5 17 48
19 2 113
5 3 35
16 2 244
8 15 3
6 14 84
19 8 174
1 20 151
16 20 130
18 13 164
12 2 239
13 7 160
9 5 215
8 4 196
2 20 90
5 20 86
16 19 172
14 1 8
13 8 108
6 15 74
7 0 132
12 3 92
8 14 72
0 20 234
16 3 215
2 6 40
1 3 19
15 12 76
12 9 57
18 16 133
0 19 242
11 18 59
17 8 175
8 11 71
6 1 29
3 14 41
16 13 118
0 18 86
13 20 216
0 17 52
13 10 80
20 8 141
6 16 15
15 17 15
5 8 173
19 1 141
14 2 181
9 4 235
17 2 85
20 9 150
9 14 147
17 13 169
11 13 11
13 4 134
10 6 143
3 13 86
18 6 18
0 8 107
17 4 229
4 20 196
14 16 128
10 5 201
14 20 5
18 12 229
5 15 54
1 16 88
8 16 227
20 15 146
6 17 182
15 7 222
10 14 163
9 2 174
7 12 186
5 0 37
5 16 78
11 9 29
3 8 213
12 0 238
4 2 89
17 1 113
12 17 8 11
0 1 3
1 2 60
2 3 7
3 4 33
4 5 70
5 6 164
6 7 143
7 8 20
8 9 208
9 10 211
10 11 80
3 11 80
5 9 4
6 10 193
1 8 173
2 4 172
9 11 192
19 28 2 12
0 1 5
1 2 187
2 3 158
3 4 189
4 5 0
5 6 136
6 7 142
7 8 214
8 9 39
9 10 213
10 11 101
11 12 60
12 13 198
13 14 131
14 15 85
15 16 9
16 17 158
17 18 132
17 1 79
3 5 219
17 4 219
6 8 19
7 1 232
18 7 245
8 1 246
7 11 243
1 11 179
2 7 243
40 258 30 32
0 1 174
1 2 169
2 3 115
3 4 91
4 5 139
5 6 76
6 7 19
7 8 55
8 9 146
9 10 241
10 11 173
11 12 175
12 13 201
13 14 78
14 15 196
15 16 219
16 17 145
17 18 84
18 19 152
19 20 34
20 21 203
21 22 187
22 23 112
23 24 197
24 25 83
25 26 12
26 27 36
27 28 2
28 29 153
29 30 88
30 31 2
31 32 3
32 33 157
33 34 52
34 35 213
35 36 135
36 37 65
37 38 95
38 39 110
4 14 212
22 12 156
9 25 102
10 26 27
38 4 61
7 11 219
37 28 193
0 17 37
27 6 103
28 23 12
38 29 83
2 8 40
1 19 143
29 33 248
6 4 129
13 28 88
5 13 206
5 1 185
30 10 17
8 16 38
3 38 3
17 28 76
17 11 32
4 29 84
27 39 105
8 23 87
3 16 228
24 0 39
21 14 197
3 27 158
11 30 119
3 24 61
29 12 117
19 22 86
27 35 28
31 6 248
28 6 236
15 8 42
16 9 168
19 25 118
1 9 249
23 27 123
33 17 213
0 18 206
16 29 78
15 11 221
30 6 6
16 19 83
8 13 6
8 31 187
13 30 166
3 22 140
27 29 6
0 39 17
25 28 112
15 13 133
11 25 27
20 2 130
21 32 174
10 16 200
31 9 149
25 21 19
3 15 27
0 29 191
20 9 188
21 26 38
32 3 128
23 21 53
15 0 179
18 25 31
38 5 143
0 30 224
2 34 7
38 1 241
25 10 102
10 33 135
34 28 231
14 27 80
31 0 176
20 6 146
20 29 217
39 3 43
7 34 114
17 2 18
37 31 206
32 6 214
4 16 186
15 27 131
12 24 56
32 35 26
27 0 44
19 5 51
10 19 243
1 29 51
33 2 114
38 23 172
39 13 4
28 22 240
22 5 202
36 16 139
14 32 45
15 24 142
30 19 162
18 15 36
7 27 46
27 33 136
33 5 97
14 33 185
36 10 33
24 4 28
7 1 44
21 8 34
36 32 179
32 30 224
0 33 183
26 29 83
21 2 78
17 27 149
22 31 97
31 15 179
10 20 100
14 29 175
0 20 10
14 25 17
37 6 24
36 22 48
5 17 126
37 1 91
22 1 71
26 35 195
32 9 223
31 18 250
21 10 217
23 25 110
28 32 148
15 9 130
11 38 86
2 27 139
39 4 129
26 34 47
26 7 123
20 37 135
23 2 74
0 16 22
34 13 233
26 15 135
12 6 195
22 20 38
32 10 74
21 37 142
6 3 145
33 22 24
18 39 29
4 11 21
36 24 175
15 17 247
15 21 70
10 34 63
10 5 55
1 36 138
16 30 2
26 6 59
2 38 115
33 26 211
13 31 170
8 18 57
19 34 134
34 36 146
12 31 223
19 7 52
15 30 194
28 24 157
0 32 183
22 9 234
3 9 24
34 5 38
20 39 136
16 18 154
20 1 28
36 11 190
38 8 179
18 28 143
4 28 79
2 4 168
0 2 223
23 30 100
15 25 214
6 35 172
37 22 11
7 0 70
10 2 186
31 20 212
36 20 223
3 37 180
24 34 224
13 0 71
13 24 206
32 8 139
10 8 107
16 32 107
15 33 120
0 26 30
35 14 137
27 25 183
6 18 180
31 38 240
29 13 162
36 38 232
1 33 152
37 13 24
7 2 228
38 32 15
11 13 151
17 24 136
37 30 94
7 29 135
18 2 71
28 39 4
36 9 193
10 14 5 9
0 1 53
1 2 14
2 3 18
3 4 80
4 5 192
5 6 53
6 7 170
7 8 28
8 9 67
9 1 1
6 3 80
9 2 176
8 4 116
7 9 94
50 297 36 39
0 1 7
1 2 92
2 3 39
3 4 204
4 5 22
5 6 205
6 7 150
7 8 239
8 9 64
9 10 129
10 11 47
11 12 133
12 13 140
13 14 236
14 15 66
15 16 137
16 17 207
17 18 112
18 19 184
19 20 91
20 21 6
21 22 171
22 23 95
23 24 111
24 25 57
25 26 117
26 27 214
27 28 198
28 29 184
29 30 114
30 31 129
31 32 118
32 33 39
33 34 216
34 35 4
35 36 184
36 37 219
37 38 160
38 39 135
39 40 155
40 41 101
41 42 199
42 43 114
43 44 63
44 45 190
45 46 211
46 47 167
47 48 219
48 49 53
42 33 200
20 23 142
49 22 54
7 5 15
5 20 94
13 46 152
20 36 28
4 49 11
22 34 111
26 33 54
34 25 174
41 39 99
14 31 38
1 24 156
28 34 87
37 20 237
41 23 111
28 32 73
9 5 191
0 13 11
24 18 225
23 21 201
26 5 204
45 42 105
47 5 233
34 11 137
31 21 179
5 49 183
27 9 235
35 47 36
36 32 3
28 4 97
41 45 236
10 33 67
47 23 97
22 38 55
32 11 199
25 48 65
16 31 172
43 47 46
7 30 9
28 1 42
41 43 226
2 7 195
42 12 153
46 10 151
42 9 36
28 21 247
29 22 87
35 2 240
2 40 230
26 14 233
16 47 164
45 12 192
38 29 202
20 3 21
46 2 150
35 5 149
10 38 1
29 24 185
22 30 131
15 38 105
16 29 236
20 40 114
26 40 103
8 3 100
37 1 168
42 4 103
13 39 209
7 16 70
19 13 20
8 37 0
26 9 119
39 17 20
45 33 141
45 5 118
7 33 52
14 4 39
31 37 201
40 49 212
18 30 136
28 39 160
47 3 188
8 1 131
32 41 191
17 4 37
44 24 75
25 17 101
39 12 172
29 1 53
2 34 78
19 15 35
10 37 99
37 34 239
12 23 62
25 40 200
12 7 52
11 22 33
25 21 116
1 22 59
9 24 158
10 6 222
25 39 63
11 16 1
11 17 99
0 31 232
43 13 83
36 2 22
47 40 173
39 14 119
20 39 242
10 5 95
34 7 229
33 21 81
17 45 137
3 7 72
15 9 161
35 40 190
14 30 53
12 20 41
10 15 7
18 15 232
17 46 238
23 36 74
38 44 191
40 15 25
40 9 17
16 1 116
46 3 23
32 3 44
30 44 204
47 1 144
12 21 204
31 33 225
12 49 123
39 10 137
19 6 149
4 19 175
1 41 28
29 36 240
23 15 109
14 36 153
1 48 26
12 6 204
24 19 246
23 3 146
3 31 72
35 23 44
32 23 210
30 13 160
9 7 197
43 9 69
26 29 172
29 4 91
20 14 133
28 17 195
15 29 93
13 9 48
42 28 184
32 19 16
30 9 104
33 16 226
21 9 73
34 17 58
38 28 107
16 0 31
32 24 105
1 31 93
41 11 99
29 39 241
11 0 193
30 21 6
24 6 160
6 37 53
46 7 167
21 44 89
23 30 245
10 28 114
40 3 86
22 39 26
8 48 181
48 10 225
13 45 33
13 37 196
20 32 126
34 31 97
26 46 107
8 46 146
1 11 126
38 35 118
48 23 220
4 27 19
44 5 88
6 11 224
1 32 39
42 19 50
45 49 150
44 22 120
36 18 57
48 17 234
11 24 70
34 45 167
27 7 97
38 42 123
4 43 15
36 26 229
11 14 162
16 34 96
24 46 157
41 12 49
22 20 12
38 41 128
48 2 15
0 29 89
12 5 135
28 13 178
43 38 26
18 22 46
38 40 117
48 44 64
21 35 249
21 0 91
28 19 193
14 3 142
4 32 198
23 8 163
39 3 249
47 14 147
29 5 204
46 37 89
38 1 95
41 47 22
3 15 201
20 1 159
44 10 3
30 10 239
2 24 104
40 33 238
46 20 10
44 40 207
28 36 183
36 46 11
6 33 204
36 27 123
43 33 102
11 39 224
30 28 235
31 17 200
26 92 4 8
0 1 166
1 2 250
2 3 71
3 4 86
4 5 129
5 6 145
6 7 237
7 8 65
8 9 169
9 10 216
10 11 183
11 12 182
12 13 178
13 14 129
14 15 127
15 16 74
16 17 202
17 18 130
18 19 214
19 20 232
20 21 167
21 22 94
22 23 56
23 24 63
24 25 174
6 11 14
8 24 221
6 8 195
17 6 42
16 19 176
16 4 8
8 13 185
5 14 41
11 2 8
12 14 182
10 14 186
17 20 156
16 9 163
19 4 74
24 2 199
3 9 9
5 16 165
11 7 175
22 13 206
25 17 180
24 22 209
25 21 19
12 2 23
12 1 97
5 3 179
8 15 37
0 12 4
7 4 110
7 2 58
17 22 169
14 16 129
11 21 100
2 16 13
24 16 139
6 9 149
14 0 152
18 14 209
11 16 249
6 4 60
17 24 58
12 17 119
12 15 163
3 18 238
10 7 235
14 20 237
23 20 213
13 11 236
22 9 189
8 19 42
5 18 171
24 9 114
11 20 23
25 14 21
4 13 212
11 22 60
21 8 228
5 13 218
21 18 218
2 18 240
4 15 205
14 8 127
16 0 207
22 12 227
8 10 59
15 5 233
17 4 217
25 11 134
28 107 3 9
0 1 36
1 2 165
2 3 107
3 4 78
4 5 239
5 6 2
6 7 216
7 8 72
8 9 62
9 10 144
10 11 113
11 12 60
12 13 247
13 14 128
14 15 33
15 16 23
16 17 43
17 18 82
18 19 128
19 20 78
20 21 154
21 22 37
22 23 98
23 24 147
24 25 131
25 26 12
26 27 144
25 16 54
2 19 196
11 8 1
4 10 83
23 12 69
26 22 211
13 6 155
13 2 67
8 5 200
19 12 242
0 11 192
27 12 247
18 7 9
26 8 195
12 16 107
22 10 23
11 9 56
3 8 40
24 13 196
20 7 242
25 8 227
17 5 193
16 8 96
12 15 48
26 12 165
17 2 14
9 6 98
12 8 81
21 11 18
15 10 75
25 6 25
11 14 107
9 21 136
17 20 189
16 3 150
11 15 35
19 14 177
10 14 175
8 21 105
9 17 27
12 7 114
16 0 107
11 1 162
3 10 87
4 27 156
8 18 140
15 5 198
10 12 42
3 20 219
6 0 133
22 20 209
26 6 49
5 18 112
7 15 14
11 19 185
17 1 150
10 25 196
6 24 42
14 20 43
7 4 42
20 8 166
13 0 170
19 1 222
22 0 147
26 4 196
2 15 241
15 26 50
27 21 49
21 1 137
15 0 224
9 5 193
18 22 139
3 13 183
5 14 168
17 11 123
21 13 234
5 26 108
9 1 212
13 20 69
0 19 44
4 3 2 2
0 1 176
1 2 5
2 3 182
49 545 18 46
0 1 149
1 2 115
2 3 75
3 4 227
4 5 128
5 6 203
6 7 85
7 8 11
8 9 77
9 10 245
10 11 150
11 12 146
12 13 246
13 14 230
14 15 16
15 16 213
16 17 247
17 18 189
18 19 108
19 20 2
20 21 17
21 22 242
22 23 152
23 24 131
24 25 203
25 26 243
26 27 156
27 28 170
28 29 66
29 30 117
30 31 16
31 32 93
32 33 45
33 34 95
34 35 4
35 36 194
36 37 131
37 38 174
38 39 65
39 40 174
40 41 115
41 42 25
42 43 66
43 44 250
44 45 103
45 46 176
46 47 244
47 48 179
24 5 119
14 1 171
24 42 117
44 30 188
44 32 189
20 13 173
3 28 96
26 42 135
17 23 68
29 34 154
31 48 174
30 48 97
8 39 193
45 27 224
17 38 234
6 46 98
48 5 161
46 31 55
13 31 92
5 13 219
5 22 155
0 47 71
6 24 97
25 31 222
20 40 140
6 44 8
18 47 163
8 43 55
23 38 188
39 7 57
5 35 159
14 37 219
33 13 140
42 9 14
8 30 211
17 5 173
10 4 209
16 9 217
18 46 58
44 7 137
34 3 232
17 25 90
10 6 49
36 40 8
41 10 41
44 31 79
26 31 208
13 2 99
30 6 40
16 30 241
20 9 236
34 11 209
48 41 57
25 47 239
18 7 66
7 32 183
13 47 7
27 17 229
28 21 89
24 33 125
36 20 137
43 4 189
37 8 174
5 14 232
21 35 233
36 45 216
9 44 209
23 1 2
24 14 159
19 26 33
35 8 49
19 8 190
48 6 64
31 45 196
22 2 112
46 2 178
5 46 135
23 39 124
16 31 213
26 43 92
8 10 68
9 23 18
45 24 147
29 44 113
21 33 53
4 40 213
28 7 232
14 4 207
31 35 54
25 20 88
3 43 13
12 24 135
47 44 179
34 39 75
38 25 186
46 23 94
10 2 162
19 12 241
33 35 127
38 14 204
29 9 225
4 27 132
42 44 101
24 20 53
26 47 221
21 14 51
12 35 220
31 28 108
44 33 141
6 45 58
12 40 144
13 10 174
48 28 217
8 46 167
20 42 98
10 42 137
38 26 204
27 48 165
14 47 173
3 36 129
26 40 46
16 40 235
11 16 161
21 5 201
0 44 249
41 25 229
32 27 250
42 36 152
42 8 117
7 24 28
24 27 6
27 10 61
47 43 14
30 2 227
14 28 207
20 43 4
22 38 245
30 22 78
22 11 229
11 44 202
42 14 80
42 33 90
1 29 180
18 45 5
9 37 83
25 46 125
37 48 57
20 18 37
20 39 127
33 28 87
10 19 105
34 41 34
34 25 64
48 20 119
26 18 99
41 12 185
48 45 144
8 45 99
47 3 162
19 4 25
33 43 181
7 19 143
0 9 139
30 1 185
42 34 123
41 14 164
4 26 141
16 28 78
13 22 108
19 6 17
10 32 18
27 18 181
45 7 74
35 27 225
0 34 215
29 41 39
44 19 228
42 25 70
15 33 94
38 34 169
9 22 45
20 47 63
7 48 204
23 47 66
45 20 144
11 7 247
39 6 42
1 48 228
25 40 218
12 39 146
17 7 218
37 18 171
29 26 187
38 19 229
37 17 49
10 47 75
10 1 10
8 21 102
22 14 166
27 43 232
41 38 100
40 9 124
34 23 91
17 11 204
38 1 19
5 0 125
36 19 82
34 13 190
1 35 91
26 32 209
0 10 155
31 14 199
4 7 53
44 8 54
7 5 79
22 7 162
26 45 173
3 1 13
19 13 95
46 17 200
22 41 128
16 8 21
46 1 180
32 1 235
35 43 48
7 16 194
34 43 191
25 2 173
41 6 232
20 2 180
9 13 244
4 29 117
41 32 10
33 39 28
12 18 163
13 39 162
21 48 223
46 15 82
6 11 119
4 12 247
33 36 149
42 16 244
39 18 96
35 48 70
11 18 205
38 11 155
21 26 162
3 5 42
16 18 204
1 20 208
46 9 240
35 20 38
42 18 168
0 3 147
11 9 221
35 29 196
4 11 36
30 5 229
11 29 131
6 23 230
28 32 159
15 6 146
10 20 173
43 28 228
22 27 230
44 4 207
36 21 65
15 24 202
38 5 249
8 14 210
13 27 91
8 5 74
21 9 13
6 28 172
37 23 24
0 2 127
0 40 5
1 26 22
33 20 163
3 21 156
16 22 184
21 6 12
12 7 156
46 27 150
6 32 225
0 32 27
4 6 9
12 32 125
26 10 71
39 44 36
2 6 34
36 31 8
30 37 40
12 46 64
15 28 222
21 30 205
45 25 37
29 3 186
27 37 224
30 35 162
24 11 208
28 24 154
34 9 1
5 47 36
40 27 141
40 43 187
2 45 54
45 9 17
18 21 130
27 23 36
29 21 118
23 18 191
16 20 163
27 16 127
7 40 29
7 27 219
2 35 228
34 24 234
33 31 50
1 47 22
40 2 114
23 26 111
28 36 228
28 22 60
8 26 7
16 2 54
16 14 85
0 24 186
40 15 196
11 32 83
41 13 134
42 28 152
22 45 31
30 26 89
48 36 42
33 8 28
33 47 44
20 0 199
29 36 206
41 44 51
31 0 167
5 25 207
24 36 150
19 0 78
31 19 21
10 34 140
10 38 192
29 39 237
46 10 65
39 3 70
11 35 91
23 42 151
8 4 17
3 25 229
32 23 176
41 17 93
33 45 21
3 32 182
21 4 42
34 28 103
20 44 220
34 19 58
31 43 11
30 7 26
26 12 197
1 36 218
48 11 74
5 23 27
31 20 88
20 41 161
2 28 48
36 27 41
44 1 98
30 4 239
24 1 18
27 1 211
27 20 112
0 23 180
37 44 102
40 24 92
24 13 131
12 0 141
48 16 74
38 9 96
48 2 30
11 15 186
13 16 134
25 13 151
46 11 63
46 36 247
37 6 195
17 31 70
44 38 120
37 19 45
43 21 229
36 41 54
30 25 240
39 37 52
25 8 177
31 12 234
24 18 7
32 30 114
30 18 95
47 2 199
42 30 82
39 14 215
47 8 231
48 34 93
48 10 129
40 3 92
18 15 242
3 15 64
37 34 147
14 43 136
15 19 181
24 16 16
30 34 17
35 17 8
47 42 4
11 1 58
44 40 0
18 31 117
16 5 92
15 17 134
17 42 62
42 40 42
36 11 149
4 37 105
27 41 226
41 7 132
37 42 136
4 34 10
26 20 57
44 3 14
4 18 182
43 2 9
21 10 171
45 0 176
47 15 142
11 30 243
48 46 169
33 22 153
31 9 54
45 34 97
44 22 193
30 10 183
42 39 214
13 32 168
15 20 200
33 41 231
37 20 50
40 33 12
7 9 23
17 2 175
13 15 54
37 13 62
16 47 57
1 39 52
25 12 187
15 34 86
28 8 228
45 21 6
12 14 181
36 26 154
17 3 35
37 5 120
8 31 36
11 19 178
32 22 249
40 13 29
30 14 56
5 36 65
3 9 220
9 39 135
12 34 210
20 38 84
22 42 112
10 7 155
21 15 121
9 15 24
42 6 182
19 27 15
40 14 27
18 40 114
12 20 37
33 46 151
8 38 64
20 34 206
1 28 78
28 9 158
3 11 222
22 24 58
46 38 76
40 47 58
31 6 247
41 31 44
27 14 239
9 8 7 7
0 1 235
1 2 142
2 3 243
3 4 171
4 5 132
5 6 147
6 7 66
7 8 133
8 7 4 4
0 1 30
1 2 21
2 3 68
3 4 42
4 5 18
5 6 102
6 7 5
34 238 16 20
0 1 141
1 2 17
2 3 201
3 4 220
4 5 60
5 6 196
6 7 134
7 8 182
8 9 219
9 10 57
10 11 231
11 12 111
12 13 36
13 14 157
14 15 196
15 16 190
16 17 40
17 18 23
18 19 233
19 20 174
20 21 67
21 22 192
22 23 20
23 24 115
24 25 89
25 26 143
26 27 40
27 28 98
28 29 170
29 30 122
30 31 208
31 32 13
32 33 46
27 11 198
14 26 28
30 28 19
9 3 183
26 22 91
24 27 102
21 6 121
16 12 245
9 16 171
13 26 167
25 2 223
5 29 112
3 14 202
6 24 207
0 5 66
7 25 176
10 29 134
20 0 2
5 33 232
7 29 162
23 26 1
2 29 138
8 20 180
32 29 205
7 3 217
0 18 179
29 23 31
32 22 62
22 28 178
20 11 241
21 3 248
25 11 152
31 9 130
33 23 160
31 10 139
30 15 121
6 10 224
24 19 204
0 19 250
27 30 178
12 28 98
9 17 206
8 26 159
33 28 22
12 30 101
26 6 39
25 20 176
33 15 197
25 29 224
21 0 144
9 22 203
33 4 62
1 18 160
17 23 226
33 14 140
5 27 9
13 0 88
2 4 80
29 17 57
29 14 242
24 13 200
32 11 103
21 9 236
19 32 188
31 20 234
26 31 24
28 9 111
32 0 144
16 20 21
21 4 46
1 23 247
27 9 14
1 29 86
22 6 179
7 31 151
11 1 113
33 10 187
16 28 171
12 20 237
16 3 151
8 6 23
32 17 135
4 25 160
2 15 81
15 3 80
15 5 31
13 17 187
23 31 43
30 26 187
1 5 39
14 12 35
14 7 135
22 24 183
11 22 218
6 17 84
16 29 240
25 30 119
18 21 29
11 16 170
6 19 5
7 5 9
2 8 87
19 12 227
17 19 5
24 11 211
24 15 161
6 11 127
31 27 36
24 31 154
18 20 213
29 21 163
29 31 21
24 7 101
33 31 33
4 1 197
12 26 217
26 3 201
21 12 215
22 18 14
18 9 143
30 20 116
25 28 166
19 3 26
8 30 99
20 1 95
17 1 146
5 28 18
14 0 227
20 10 142
21 16 58
26 24 211
16 2 46
4 24 242
17 30 182
5 8 152
28 1 143
25 31 37
5 21 166
19 10 84
4 6 65
20 22 43
27 10 70
8 29 119
7 9 100
2 11 197
2 32 6
8 33 185
18 6 133
4 10 0
11 28 53
24 1 202
24 3 150
13 29 241
5 3 120
18 33 91
33 24 51
16 22 11
25 17 83
27 19 170
9 29 16
29 11 85
16 13 223
33 27 180
18 8 242
15 8 221
26 11 159
24 12 206
23 2 75
5 25 129
3 20 148
30 24 138
1 13 200
15 25 106
6 15 46
0 4 205
26 21 147
19 2 98
19 30 60
9 20 139
28 18 67
20 15 150
17 14 200
22 13 250
27 15 184
14 22 225
15 21 119
15 1 141
24 10 40
27 23 191
19 11 237
16 18 92
30 14 194
7 11 182
16 32 156
5 2 21
29 22 121
13 8 102
8 24 51
29 12 100
4 16 130
20 13 79
2 31 117
27 22 194
18 27 51
23 7 173
21 20 10 13
0 1 85
1 2 26
2 3 142
3 4 250
4 5 100
5 6 144
6 7 146
7 8 228
8 9 245
9 10 201
10 11 10
11 12 182
12 13 158
13 14 236
14 15 163
15 16 72
16 17 104
17 18 93
18 19 161
19 20 148
18 30 6 15
0 1 97
1 2 36
2 3 95
3 4 43
4 5 20
5 6 10
6 7 123
7 8 72
8 9 219
9 10 51
10 11 186
11 12 16
12 13 225
13 14 118
14 15 157
15 16 35
16 17 124
4 15 228
14 6 104
9 7 184
12 17 41
12 8 88
6 11 82
4 16 193
0 9 0
11 16 229
17 14 122
14 8 141
17 1 246
10 1 76
8 14 4 7
0 1 16
1 2 28
2 3 229
3 4 17
4 5 172
5 6 78
6 7 77
7 0 116
4 6 249
7 4 16
1 5 184
0 3 173
0 5 130
7 3 140
9 8 6 8
0 1 137
1 2 245
2 3 90
3 4 63
4 5 118
5 6 114
6 7 6
7 8 110
46 327 6 26
0 1 182
1 2 159
2 3 218
3 4 105
4 5 241
5 6 222
6 7 183
7 8 23
8 9 11
9 10 19
10 11 132
11 12 131
12 13 47
13 14 45
14 15 20
15 16 32
16 17 201
17 18 47
18 19 164
19 20 33
20 21 70
21 22 208
22 23 127
23 24 139
24 25 222
25 26 236
26 27 238
27 28 55
28 29 154
29 30 213
30 31 196
31 32 144
32 33 107
33 34 204
34 35 173
35 36 99
36 37 15
37 38 15
38 39 1
39 40 73
40 41 185
41 42 114
42 43 43
43 44 48
44 45 152
34 2 99
19 27 180
3 21 111
6 9 73
14 45 208
0 2 216
27 36 31
7 40 127
4 31 131
35 29 222
18 31 224
40 20 106
27 6 108
8 39 19
33 35 247
28 37 245
27 38 230
25 0 183
8 43 203
39 12 26
35 41 161
7 19 106
20 27 82
41 6 0
28 40 58
10 13 6
11 27 182
18 36 34
5 22 116
24 30 54
22 38 8
32 22 12
13 16 11
4 36 125
11 19 217
26 0 5
43 4 125
39 24 112
39 7 77
7 3 250
33 29 138
28 26 83
15 0 127
25 21 97
20 33 94
23 40 125
44 10 212
13 4 46
24 35 186
17 38 82
25 42 39
45 4 110
26 42 87
13 33 120
23 25 134
25 33 137
28 22 211
9 2 118
2 23 140
35 19 28
11 4 98
16 2 14
23 30 81
21 34 154
20 34 76
17 43 38
15 35 12
26 16 10
26 36 53
31 24 76
2 14 29
36 39 53
9 19 88
17 5 46
14 28 215
7 16 221
42 20 50
13 39 17
4 14 215
19 1 10
18 23 75
1 8 170
27 13 75
19 28 228
33 45 15
31 17 215
8 10 108
30 2 18
24 36 143
18 12 154
45 25 68
27 8 60
26 13 109
38 9 40
4 20 232
27 18 165
12 41 143
26 34 61
0 5 180
1 26 195
26 19 50
31 33 207
16 38 38
0 16 216
21 41 90
17 3 147
20 26 30
9 32 22
39 41 161
2 35 85
12 27 224
0 14 54
1 21 100
19 15 50
18 15 41
17 44 108
43 29 227
37 13 210
2 40 70
38 14 46
45 8 234
4 16 78
44 6 30
45 37 106
33 9 174
32 26 241
1 24 219
32 14 77
15 11 164
10 15 245
34 28 19
38 13 77
1 6 42
25 27 162
30 19 47
28 24 56
27 39 153
40 12 169
30 45 241
33 28 5
18 43 32
42 13 147
8 17 155
38 41 113
0 30 8
39 31 31
11 0 228
6 39 110
37 35 42
40 1 19
27 15 113
6 15 65
23 7 88
44 40 191
44 8 234
45 35 152
2 18 153
36 0 82
25 39 9
34 11 211
30 44 127
39 42 217
14 8 219
13 36 167
42 22 94
28 42 192
15 34 185
22 45 44
8 21 235
3 5 197
34 38 181
43 1 22
36 25 107
8 31 146
2 5 9
30 37 37
28 2 234
33 24 113
15 21 247
2 45 221
0 35 107
37 17 78
29 44 203
12 7 52
0 28 163
6 45 243
15 8 188
36 41 193
2 11 121
30 20 59
19 13 224
22 9 47
0 13 32
20 45 123
18 0 146
11 16 44
3 22 157
28 15 250
34 40 218
24 32 123
25 9 74
22 31 18
28 21 18
3 35 150
35 12 239
30 10 199
36 6 102
3 27 186
43 9 97
17 4 234
17 41 60
3 25 225
27 32 95
6 35 63
26 18 50
16 43 33
24 8 152
12 0 3
21 43 69
34 12 52
12 2 147
25 35 209
15 22 141
22 17 105
44 19 97
40 0 35
15 3 12
19 43 203
11 28 169
6 29 18
41 30 40
11 13 116
23 45 172
35 22 3
33 21 197
9 30 50
42 18 86
31 34 167
9 1 106
14 9 62
22 39 247
13 23 161
20 2 168
23 37 179
23 8 16
43 25 51
37 22 118
42 30 206
38 33 113
11 17 231
41 7 233
13 25 128
3 29 82
7 11 151
13 17 162
13 22 245
37 10 64
41 11 98
29 1 193
33 6 22
9 39 106
7 45 106
35 42 242
9 16 147
22 27 83
15 38 2
18 32 9
17 42 85
27 5 14
6 21 187
24 21 192
20 29 5
26 17 104
11 36 238
7 0 242
12 42 196
29 42 156
36 38 206
44 33 103
39 14 96
18 41 120
10 36 7
9 8 6 6
0 1 237
1 2 139
2 3 196
3 4 29
4 5 229
5 6 75
6 7 175
7 8 76
7 6 3 3
0 1 3
1 2 113
2 3 55
3 4 136
4 5 146
5 6 48
33 221 6 19
0 1 17
1 2 11
2 3 174
3 4 38
4 5 35
5 6 230
6 7 21
7 8 248
8 9 189
9 10 81
10 11 188
11 12 94
12 13 245
13 14 188
14 15 77
15 16 200
16 17 136
17 18 143
18 19 14
19 20 36
20 21 23
21 22 134
22 23 78
23 24 168
24 25 142
25 26 209
26 27 234
27 28 242
28 29 100
29 30 246
30 31 0
31 32 20
24 32 197
4 20 20
15 13 205
31 19 126
30 21 220
20 1 91
13 25 134
32 16 112
19 25 246
13 22 121
31 0 96
29 11 213
15 6 5
3 24 118
8 11 57
26 22 173
25 30 150
15 9 61
7 32 55
29 4 83
15 7 162
16 18 147
27 19 107
22 7 116
4 12 127
3 5 20
7 9 229
9 24 195
17 22 14
16 14 129
23 25 157
24 21 146
26 16 140
26 21 106
13 9 73
28 4 21
17 14 9
7 1 248
2 15 129
8 4 192
15 22 165
13 29 92
12 3 216
30 14 108
0 25 228
9 28 225
22 8 28
23 10 230
21 32 16
1 23 244
26 0 53
17 28 207
31 2 230
28 30 104
1 18 22
2 7 233
8 32 39
22 20 58
24 10 188
13 10 75
21 25 75
13 16 82
23 2 97
6 1 166
15 32 173
15 27 249
25 29 223
3 16 157
5 23 181
14 29 130
31 13 188
30 20 97
1 25 104
30 17 52
28 20 77
17 7 114
5 2 166
24 6 188
17 19 220
5 7 100
2 6 51
20 8 79
11 24 86
6 18 195
0 3 238
22 14 237
25 28 59
26 32 178
20 31 109
21 0 212
20 2 192
18 22 203
3 31 71
15 12 203
9 32 178
11 2 0
7 31 45
6 20 69
20 23 151
18 28 237
14 2 250
10 17 209
5 22 232
13 30 233
31 4 246
21 2 12
26 29 103
1 10 82
5 0 32
5 25 150
31 6 176
10 12 74
4 19 217
8 3 247
2 8 229
3 18 206
23 21 17
26 4 230
14 10 23
17 13 26
22 30 186
29 12 54
23 32 63
10 18 31
17 27 146
16 24 107
17 24 67
21 3 110
22 0 231
6 3 174
6 30 67
16 27 162
23 18 248
10 4 175
12 18 36
21 31 213
15 28 13
13 1 161
27 23 103
23 12 105
14 32 30
15 25 189
32 29 77
0 20 125
10 31 61
0 6 95
22 9 119
11 28 218
8 21 38
25 6 114
17 3 250
20 10 156
15 23 109
4 9 181
29 6 64
31 9 25
28 1 28
24 14 4
18 32 167
3 22 96
4 30 203
19 30 234
27 18 74
1 19 220
20 7 195
7 13 140
10 19 187
31 23 41
2 29 21
1 32 179
2 32 82
29 24 142
11 30 193
21 27 76
14 28 147
12 17 242
24 12 193
30 5 231
27 31 68
32 28 123
13 0 57
23 17 22
26 28 215
12 30 105
13 24 61
11 9 73
28 19 148
7 3 25
5 24 116
0 0 0 0

