1000
550 911
280 84
640 164
193 288
110 888
911 643
14 298
29 725
186 623
211 592
6 896
272 607
53 159
987 430
785 10
963 335
274 595
772 266
760 965
554 870
205 465
513 219
115 894
296 653
870 859
598 876
107 870
835 512
381 822
294 167
833 257
854 459
852 626
725 612
943 279
834 148
96 700
719 564
594 15
217 464
226 815
692 333
38 879
197 419
702 491
938 887
100 793
346 953
419 71
917 363
702 752
511 150
452 231
714 398
598 932
215 825
99 259
510 137
139 60
909 841
551 847
80 4
640 426
957 412
849 226
127 903
978 638
53 782
221 768
533 172
52 748
349 151
7 211
641 146
271 550
339 175
397 419
179 390
197 488
802 398
714 929
301 45
919 355
179 493
475 712
17 527
460 366
30 820
929 671
966 201
573 658
728 971
77 259
713 627
747 515
25 813
796 327
858 715
34 38
560 509
750 577
388 563
295 418
383 225
90 701
778 663
359 506
986 789
765 699
416 864
566 793
677 362
120 536
430 506
926 990
15 28
568 403
591 863
174 974
440 616
28 218
631 387
724 618
528 841
669 296
705 236
90 383
950 562
271 380
69 197
371 84
225 291
840 169
506 14
495 947
630 523
517 613
263 242
231 791
83 253
88 141
841 530
524 791
92 147
524 161
344 247
598 921
538 438
442 396
804 938
695 786
461 213
399 76
807 983
868 242
236 308
383 77
190 259
220 282
406 744
444 102
991 42
24 881
832 818
630 988
756 325
774 570
890 173
646 49
508 866
292 744
526 27
173 716
287 746
351 693
490 147
796 834
189 172
67 373
990 697
361 99
375 487
21 617
12 19
667 521
238 311
617 116
338 143
185 625
889 536
671 731
683 467
917 224
991 985
949 333
34 310
784 761
797 805
379 809
177 46
682 415
357 300
531 47
443 716
673 332
604 344
63 287
163 333
863 506
318 812
191 352
474 976
114 271
133 845
433 310
243 115
725 952
415 609
999 210
677 672
542 282
368 958
921 883
291 785
389 961
597 581
665 72
557 779
695 690
976 480
353 219
596 78
171 363
39 171
574 717
195 468
999 916
778 920
799 69
57 189
382 7
770 48
79 679
179 126
721 156
607 74
375 555
505 899
270 896
422 196
613 969
665 964
885 443
237 685
865 294
226 247
301 348
295 732
27 475
859 100
631 818
527 358
725 384
609 347
280 31
544 246
1 209
210 886
4 447
923 869
742 149
117 395
497 764
128 876
239 339
329 222
509 856
933 586
240 542
933 872
926 477
118 927
38 681
165 43
480 441
264 574
590 733
970 440
498 450
316 89
789 997
664 650
853 597
236 445
491 169
670 417
999 788
696 389
821 862
432 302
303 49
876 245
782 198
685 280
648 354
722 437
351 386
439 557
335 675
354 826
197 24
596 548
165 292
937 986
506 722
640 161
771 517
407 553
715 444
186 716
150 908
153 854
294 593
763 629
620 117
807 169
142 403
717 307
696 7
645 202
729 286
364 500
155 123
405 222
919 591
938 422
499 444
276 793
389 39
774 361
508 582
531 650
985 600
309 33
607 307
236 336
945 952
188 452
427 594
674 698
537 965
120 37
761 396
182 150
787 309
511 648
891 394
298 228
995 960
262 954
619 850
643 564
154 831
368 933
777 394
631 315
359 752
704 120
500 238
622 640
547 486
288 790
880 938
371 227
250 985
182 869
835 825
785 341
8 153
274 786
548 905
453 259
9 157
732 510
747 354
150 295
840 790
85 73
728 808
300 331
793 834
200 980
659 338
321 20
843 947
806 391
205 611
3 214
120 735
76 867
441 578
162 634
368 600
707 449
408 359
780 202
546 332
534 557
670 856
577 514
155 735
257 360
346 612
575 466
347 3
686 141
582 200
775 302
800 834
751 561
545 531
115 91
216 649
649 886
857 578
400 13
314 10
373 660
622 300
479 322
656 165
463 238
365 590
540 518
776 644
431 673
527 898
765 743
899 766
630 757
344 382
122 10
744 847
671 367
500 150
41 156
667 856
746 32
798 286
902 574
282 333
247 810
231 364
553 131
482 535
240 179
918 362
189 14
209 212
381 61
714 774
217 381
630 963
766 428
602 668
354 884
354 954
694 937
318 600
420 153
135 660
332 405
374 873
420 936
86 153
997 152
280 215
534 910
530 652
691 132
672 45
369 26
999 415
964 670
15 384
823 503
397 507
260 771
732 680
707 170
186 57
323 466
272 209
728 154
861 419
639 533
817 8
912 816
423 876
838 791
612 13
646 361
520 906
133 253
939 192
775 125
601 98
943 225
307 671
380 168
443 19
54 260
379 966
428 802
194 267
945 806
280 591
520 153
498 5
758 789
197 533
914 151
632 209
376 291
232 756
812 675
127 866
287 506
832 716
309 26
335 606
184 967
198 704
120 48
709 230
837 259
116 103
410 748
664 786
391 896
895 203
572 22
69 859
529 253
927 190
279 262
796 816
230 346
520 702
746 582
285 935
841 401
38 603
501 702
389 892
599 284
96 523
659 517
734 188
123 662
378 402
276 526
570 858
873 91
913 971
673 198
907 866
599 945
469 100
1 210
344 951
495 440
826 506
310 560
694 433
574 424
187 851
950 758
61 175
201 974
147 226
172 54
92 123
351 561
575 351
771 920
654 618
360 480
124 22
41 170
807 967
594 995
818 545
105 232
720 306
206 219
884 731
273 976
206 625
889 782
328 12
702 983
983 414
463 459
789 856
630 596
824 224
943 994
121 400
226 194
58 785
413 942
868 39
918 74
664 807
208 344
172 910
327 155
677 143
614 466
999 596
62 823
173 358
818 646
758 396
840 817
181 606
759 401
645 30
828 661
189 36
357 361
947 685
868 976
828 835
442 179
431 856
355 604
214 525
251 973
921 443
142 455
49 253
856 46
283 684
59 825
721 417
186 20
454 407
996 634
242 790
813 673
646 520
630 861
45 881
186 967
676 680
774 78
933 630
476 569
667 536
746 740
305 284
112 111
691 460
745 933
250 910
959 896
431 589
109 476
822 647
795 498
679 569
928 965
552 405
886 219
293 632
311 598
916 423
61 608
883 158
893 485
420 852
733 851
441 843
680 263
842 827
114 874
749 42
839 301
447 725
872 740
357 183
690 273
606 103
881 489
261 775
326 682
979 59
885 421
254 917
36 97
745 502
971 494
545 162
147 344
887 19
437 244
202 479
869 808
583 103
649 196
878 975
878 857
34 116
630 289
33 19
738 130
521 61
976 418
223 123
115 462
142 552
706 344
383 575
504 318
678 505
515 908
480 745
118 867
213 100
508 247
119 598
377 993
11 354
411 234
829 526
696 972
430 754
668 814
681 173
484 712
678 351
972 511
97 90
730 310
543 590
909 14
540 639
7 551
345 419
137 174
297 185
498 728
291 167
894 972
692 730
36 370
82 9
233 531
451 315
193 994
257 103
9 797
94 16
700 439
787 837
965 437
374 464
165 665
631 411
638 323
493 674
45 575
35 631
106 487
298 300
481 556
755 842
705 201
211 406
992 350
595 957
787 970
421 304
635 404
67 625
79 561
652 477
136 687
460 595
174 758
247 8
666 2
202 372
555 413
130 547
116 77
504 903
47 278
208 35
34 275
660 466
188 312
943 325
1 755
920 526
513 167
886 532
521 89
256 428
854 738
975 970
815 831
874 863
109 434
898 496
61 910
962 250
223 257
927 575
12 199
453 877
718 340
409 591
429 17
19 635
755 994
606 571
177 832
434 287
266 684
135 679
594 97
281 169
354 208
96 718
407 550
595 477
242 5
68 671
374 87
658 130
433 264
701 611
96 487
250 714
171 385
746 117
834 27
639 540
588 735
258 347
637 853
825 879
210 893
902 585
333 561
67 766
177 768
729 274
255 331
340 778
716 86
247 902
466 886
442 54
974 52
401 611
258 226
843 820
472 97
757 805
658 824
923 836
944 653
462 551
984 154
329 53
593 929
307 411
167 102
465 141
154 218
105 412
797 948
585 269
397 342
426 56
167 349
244 463
354 58
15 691
564 344
96 157
625 403
920 793
505 385
934 12
956 391
776 753
691 361
374 89
704 800
497 223
501 741
686 208
151 701
899 67
398 347
577 23
102 497
168 608
883 103
620 191
846 748
944 538
110 318
627 166
470 124
389 971
217 427
531 368
481 430
787 231
129 364
606 232
862 775
192 97
230 164
288 76
912 584
614 22
902 241
188 724
365 929
47 582
357 579
302 190
9 90
421 491
454 27
723 668
802 915
765 384
79 405
461 343
989 75
366 243
669 554
967 34
836 15
969 193
594 271
383 955
361 804
446 168
183 521
836 338
788 954
722 219
359 183
563 349
611 929
592 280
835 912
314 671
927 283
216 521
907 951
828 268
107 627
788 291
148 977
629 937
931 351
156 290
535 719
991 498
1 584
778 836
496 92
859 775
728 76
648 635
27 476
255 487
103 44
778 604
373 759
541 304
110 49
946 997
121 938
495 121
874 273
309 722
718 169
497 446
597 145
1000
433 976 973 688 463 429 84 593 33 457 352 926 761 463 327 708 812 448 998 660 570 872 285 879 594 3 400 443 801 997 588 234 326 913 923 789 342 359 383 727 169 87 5 930 902 333 990 715 781 340 727 703 212 12 583 158 16 983 601 169 333 541 404 659 455 679 800 149 38 535 229 207 623 234 490 525 567 832 240 701 525 319 404 737 332 339 896 700 675 849 869 8 391 273 19 846 304 819 347 695 355 576 254 330 163 96 855 730 281 448 783 806 767 188 543 99 527 791 151 202 641 21 562 32 646 581 230 951 753 929 998 460 506 252 790 669 349 645 751 982 93 535 788 213 75 683 664 602 827 816 157 468 837 719 852 835 653 434 138 406 363 136 866 221 741 656 242 442 653 346 424 99 881 212 312 308 895 328 262 74 144 419 542 333 139 746 169 792 532 307 550 248 796 416 469 537 424 64 979 429 410 403 528 643 967 192 951 214 521 213 289 17 633 831 351 124 930 520 268 462 179 818 710 975 586 532 512 10 596 843 439 358 246 320 1 213 864 304 780 385 869 69 403 854 252 106 978 182 978 598 997 157 416 59 485 2 943 349 364 539 193 156 249 439 476 250 5 692 906 785 430 776 206 833 630 458 291 961 993 269 559 990 426 976 401 911 330 345 613 47 236 806 203 486 597 31 88 954 723 995 91 153 123 297 338 753 756 629 714 749 250 274 91 677 602 492 940 284 189 553 331 426 711 886 912 309 917 352 263 993 699 355 498 822 652 837 576 760 818 642 861 69 268 304 98 222 797 390 507 338 296 190 764 7 77 28 316 346 381 932 691 80 287 190 255 291 27 831 52 197 825 913 618 94 218 716 668 367 459 527 57 755 718 822 114 147 202 431 845 935 715 537 16 2 727 271 645 106 454 697 303 631 963 922 77 533 990 746 252 449 273 309 556 343 483 671 842 38 454 688 973 169 225 341 523 952 964 168 58 770 866 713 402 181 987 479 66 978 577 670 779 851 331 688 546 815 359 389 205 813 77 178 334 654 520 857 606 836 25 16 607 243 81 9 424 69 840 842 399 418 512 530 621 844 218 167 11 577 908 216 742 337 394 76 991 266 285 949 103 311 317 710 554 399 71 331 820 911 173 219 681 686 749 302 882 320 822 893 249 82 109 992 420 855 420 763 122 58 713 225 369 30 287 275 781 358 606 601 621 132 172 303 170 274 605 52 594 779 945 843 862 406 187 282 261 608 45 735 666 110 960 387 493 599 662 626 957 621 228 579 753 752 882 923 26 839 975 620 619 272 464 833 30 651 467 291 611 864 27 629 975 339 368 820 939 31 446 248 652 26 179 405 779 413 680 805 253 7 778 224 279 242 409 309 245 876 952 857 740 331 838 67 23 207 887 314 590 334 562 242 360 742 999 491 155 31 297 760 38 75 336 317 669 745 978 914 621 282 123 362 966 314 781 989 873 669 655 463 355 217 57 67 311 56 559 819 439 208 579 477 635 916 146 304 661 476 570 635 758 46 349 76 360 130 417 233 151 72 48 506 290 105 574 953 513 133 772 952 341 352 429 976 620 575 632 633 51 554 268 161 600 969 590 312 100 7 897 251 80 945 110 722 50 684 675 563 817 448 515 510 152 296 838 772 223 470 405 626 24 26 140 977 347 730 289 799 737 187 403 817 132 513 891 535 197 567 98 366 367 966 228 519 614 66 643 838 888 48 464 264 426 604 241 774 686 883 573 424 70 328 593 554 841 485 89 38 404 540 756 771 858 984 290 472 50 933 310 290 333 127 555 112 83 148 238 770 31 163 546 453 492 139 360 333 976 449 724 380 341 480 503 199 817 793 672 867 78 334 158 764 813 65 228 249 213 466 371 597 981 917 50 473 408 410 159 385 212 235 765 553 67 269 105 884 414 129 104 845 815 614 961 629 679 189 230 244 655 601 841 988 518 892 462 926 654 973 663 218 208 781 124 627 402 229 512 816 358 616 13 173 582 974 154 261 163 736 505 170 337 699 159 207 591 973 134 597 946 797 816 506 578 940 133 980 521 997 149 879 965 514 404 547 489 911 160 652 647 18 175 337 717 334 544 660 307 30 257 605 180 425 463 110 717 948 443 238 946 944 469 263 458 874 163 947 137 323 952 136 693 127 825 410 813 370 422 120 752 680 77 932 457 540 43 175 488 838 413 786 782 883 402 240 109 565 540 598 888 492 734 582 971 912 344 784 282 767 256 34 799 333 319 256 225 714 783 65 552 197 204 334

