962 479483
993 897
291 36
592 25
828 382
762 261
608 257
734 808
115 864
165 275
314 585
375 266
194 485
154 17
602 52
392 120
974 794
212 666
634 241
598 94
713 908
119 919
580 387
640 708
756 177
738 400
921 448
92 734
565 372
784 143
813 567
251 289
591 953
532 738
656 543
513 359
19 338
351 392
674 130
252 549
463 402
225 348
359 300
222 583
783 229
955 39
467 332
360 179
960 135
48 170
347 710
217 395
970 479
571 983
886 347
135 333
395 540
568 554
612 967
373 173
994 517
150 596
468 100
975 308
474 513
551 487
364 521
666 634
55 250
81 309
964 577
880 771
936 748
282 956
147 976
586 780
238 599
701 103
237 623
944 292
966 156
1 191
478 70
667 311
818 198
617 531
321 119
728 719
503 218
381 997
799 887
66 790
865 588
248 900
437 117
668 551
11 354
540 93
249 396
23 303
856 174
555 483
5 711
46 317
866 826
268 53
424 574
466 649
223 404
163 729
655 547
855 371
43 776
823 800
499 768
274 846
26 701
688 385
473 240
280 786
27 511
20 493
376 248
270 35
400 672
730 639
527 950
170 720
567 914
110 194
118 893
815 942
299 507
654 695
25 22
543 342
563 21
714 24
605 118
447 377
409 440
277 227
637 388
322 302
854 121
683 515
577 114
684 979
361 569
61 320
443 186
214 686
685 168
779 779
124 203
60 286
767 188
981 538
875 564
635 368
419 67
391 814
177 193
830 452
814 849
363 883
687 468
310 101
646 254
377 458
56 480
874 64
622 822
29 836
871 230
88 926
164 78
261 213
626 467
547 898
498 325
41 559
740 136
96 459
210 82
452 192
199 552
710 91
389 108
615 147
516 539
873 669
198 989
956 640
514 691
904 16
764 464
47 705
897 12
111 746
338 601
500 611
143 81
139 676
651 620
387 859
372 211
108 435
520 628
380 534
539 633
151 331
611 429
224 366
600 743
68 654
228 655
863 50
928 541
983 341
697 545
461 994
488 884
860 221
69 164
439 45
859 841
273 811
197 984
990 469
578 128
792 964
440 696
525 32
806 235
739 271
901 272
51 223
367 447
916 96
538 201
71 536
174 363
729 810
171 351
160 160
438 839
906 133
692 645
662 408
812 244
399 871
411 625
852 31
287 617
258 722
191 416
597 844
757 268
754 680
8 573
691 18
935 319
997 412
315 349
978 744
837 106
235 683
173 880
204 28
320 854
529 274
98 781
847 409
85 265
742 774
533 812
549 455
554 471
908 677
105 313
37 747
109 113
350 715
180 47
175 215
893 57
229 890
790 162
254 936
633 944
645 318
832 486
698 33
283 69
657 314
489 548
833 948
243 362
309 631
526 821
773 553
652 450
436 1
220 853
967 642
841 466
509 190
89 44
484 427
943 299
465 148
770 476
106 593
560 216
630 214
471 945
428 494
91 767
24 627
876 938
479 472
342 189
292 646
423 650
356 875
671 384
624 222
435 441
6 498
370 73
749 975
67 247
985 916
827 95
650 30
402 798
677 304
775 629
659 390
324 516
972 973
94 432
33 155
787 612
599 273
189 364
9 352
123 807
587 454
183 122
120 935
137 861
34 40
413 358
869 285
845 80
397 449
218 253
680 996
913 428
12 570
531 482
627 434
989 239
638 877
553 418
403 954
469 991
343 860
733 674
678 490
293 107
606 668
791 132
17 312
349 200
323 504
10 837
335 217
517 109
825 603
747 115
433 378
669 158
278 902
857 269
980 256
932 982
937 290
550 310
341 742
226 896
938 526
401 587
425 608
101 139
774 670
725 27
821 960
450 34
286 760
829 527
167 764
673 66
660 660
362 755
38 154
102 971
128 207
584 328
788 709
858 46
420 562
574 787
308 657
408 142
778 415
247 873
950 815
318 833
723 181
877 220
750 598
75 411
838 952
312 828
797 741
593 339
279 972
851 340
917 937
190 862
661 89
113 530
455 255
521 745
496 204
809 324
760 74
421 445
142 773
86 212
737 572
807 360
562 638
639 208
136 661
557 345
969 475
185 958
958 206
653 125
434 778
558 20
317 724
95 503
410 478
28 153
744 866
384 886
100 619
487 433
528 523
107 38
114 264
573 149
209 237
727 595
486 951
703 957
332 259
672 736
979 512
912 489
817 636
704 981
84 591
45 492
941 955
696 563
79 998
987 365
776 246
182 243
846 172
371 912
682 508
230 2
588 673
709 293
281 934
839 295
789 589
986 579
670 550
259 367
236 370
192 146
620 753
803 924
492 946
414 694
21 614
40 375
769 739
891 856
722 903
665 361
32 514
604 5
642 663
348 999
289 685
404 323
269 43
999 910
294 291
319 48
337 752
641 488
253 615
285 294
572 209
288 421
766 88
148 260
306 712
768 909
816 932
575 519
924 965
14 644
811 992
464 986
922 868
63 138
576 102
679 662
336 688
700 977
77 202
751 288
44 892
495 578
720 692
103 532
647 51
296 501
201 714
603 58
796 791
885 843
64 557
881 925
771 397
649 399
781 144
472 85
946 463
675 840
786 917
117 667
896 728
327 386
561 63
628 13
552 417
609 895
54 391
80 112
149 110
353 353
625 820
272 159
365 525
357 87
900 278
396 446
78 929
298 376
122 335
307 690
848 499
898 905
485 393
945 796
263 737
127 301
441 99
462 500
129 524
179 652
795 72
758 963
923 226
444 502
87 863
926 185
453 838
50 830
233 658
112 765
457 947
632 232
502 157
340 870
902 949
412 927
405 834
623 869
262 380
83 607
385 561
735 477
305 169
211 210
743 4
976 426
585 337
782 330
963 716
890 187
257 401
853 329
264 850
910 83
548 127
616 236
724 933
706 907
206 762
894 974
947 14
888 777
378 270
824 383
275 79
393 665
959 336
346 795
16 403
195 684
451 985
42 921
208 105
407 799
205 444
862 987
390 664
97 29
805 298
166 307
772 865
430 436
918 792
726 425
761 419
366 647
804 825
186 763
196 988
215 231
746 84
355 150
156 167
345 461
328 609
595 165
785 197
991 62
300 718
418 49
690 566
429 556
202 803
777 97
7 460
125 420
386 721
255 163
313 41
524 911
132 423
973 899
977 262
716 857
4 346
207 754
831 806
449 876
331 481
556 858
663 176
968 851
159 725
221 183
965 8
304 622
35 750
800 758
802 679
861 129
694 306
996 606
954 537
213 802
887 225
971 756
515 600
18 687
844 410
686 430
546 544
512 381
158 520
382 65
93 405
536 966
57 116
820 993
31 723
643 713
544 406
140 793
504 731
819 641
256 751
146 733
732 76
266 923
302 505
708 961
949 749
155 970
138 940
934 327
369 196
432 648
126 643
736 594
927 457
594 682
925 717
53 10
535 969
358 344
374 827
870 219
581 68
65 90
508 205
104 592
193 702
607 474
905 962
276 104
334 727
961 111
22 772
676 757
596 823
231 621
121 356
884 151
477 23
398 26
152 931
459 874
73 706
570 394
267 267
493 735
523 166
836 161
907 995
541 707
330 555
406 968
780 813
90 894
417 881
822 54
303 740
566 656
130 242
250 171
712 867
610 71
953 3
505 882
915 568
545 224
939 238
240 651
559 98
753 326
962 542
693 845
636 276
456 602
76 86
579 437
752 252
741 497
168 581
70 698
178 855
234 785
590 831
490 584
133 389
295 624
326 334
998 848
835 681
510 675
957 941
30 604
755 576
808 413
919 872
431 442
3 456
930 462
705 281
316 431
145 123
13 518
681 766
895 847
383 228
446 697
245 816
618 15
878 782
494 805
470 465
475 42
518 77
379 92
476 251
522 284
72 258
445 439
52 901
354 605
271 732
36 249
176 75
144 141
74 635
1000 59
188 350
619 438
141 297
416 199
883 575
58 659
480 904
454 560
843 829
718 140
244 233
506 407
920 726
583 374
721 824
333 56
995 126
368 282
325 693
849 279
187 373
715 369
216 509
664 819
763 343
711 55
914 906
695 546
537 891
882 422
161 379
731 263
260 19
569 195
181 470
507 528
834 315
929 134
702 769
872 784
982 980
422 835
564 131
940 879
745 398
290 357
810 703
903 182
842 930
2 788
131 283
232 535
157 761
798 915
931 783
153 322
246 878
388 775
49 6
460 571
719 928
59 700
892 759
491 245
889 152
867 939
582 597
879 287
992 885
301 653
534 943
203 529
200 699
82 175
988 60
284 533
339 832
99 495
352 888
631 842
801 280
344 704
265 277
116 918
172 637
942 913
482 801
530 616
311 491
911 473
589 632
933 558
542 852
394 770
648 506
184 613
717 9
511 978
826 316
765 234
39 580
458 178
601 443
427 610
442 321
759 510
793 496
840 789
62 7
415 671
