100
30 8 3 17
9 8 5 3
72 7 10 16
76 2 2 30
66 2 9 36
71 9 2 22
72 9 10 27
35 6 5 27
19 9 10 14
83 8 10 35
72 3 5 51
91 1 6 55
60 5 3 15
45 8 2 6
94 10 10 69
75 8 5 56
83 7 2 36
94 3 9 76
53 9 6 38
55 1 6 17
72 3 1 45
16 6 3 8
7 3 3 2
56 5 3 10
82 7 2 37
25 5 2 15
14 8 9 6
27 7 5 16
42 7 4 36
3 2 2 3
64 9 6 6
64 5 8 26
10 7 7 1
67 8 1 10
6 1 1 6
12 9 3 7
36 2 2 7
84 8 4 6
89 3 5 42
48 5 5 46
82 4 7 82
49 10 1 1
7 2 1 6
15 3 8 6
69 5 6 35
55 5 10 22
98 6 8 58
98 4 9 32
13 5 8 1
97 7 5 29
12 10 4 1
90 3 8 13
85 1 2 59
14 9 10 14
10 7 2 9
47 4 9 27
18 8 6 5
59 3 9 32
75 10 10 46
69 5 3 32
58 7 2 22
97 8 10 87
56 5 1 44
81 4 10 6
84 7 2 70
55 10 8 44
10 7 7 9
43 9 10 34
85 7 3 49
23 4 7 3
96 2 2 8
25 7 5 12
51 3 1 20
25 1 7 11
95 8 3 44
60 2 4 25
50 2 1 41
82 1 9 21
54 1 8 47
4 3 2 2
46 3 5 12
26 8 10 6
61 1 10 28
71 8 1 10
84 6 4 47
44 4 5 25
74 8 1 64
95 3 7 35
9 2 5 3
86 9 5 32
90 6 4 66
61 6 3 52
88 6 8 51
84 2 7 45
19 6 8 11
33 2 5 21
98 4 5 19
6 5 2 1
3 1 1 3
101 9 4 33
