100
2563453 33 98 1694866
8042308 89 41 2450297
8999689 59 41 5196011
887826 40 14 211256
2362634 27 92 739296
8729056 82 70 5846337
8589565 43 98 226970
4310992 84 48 2656877
4428943 59 85 1561841
6495944 58 72 4438744
6689411 33 57 1697582
4142792 78 93 550529
8423727 66 64 4553063
6998597 92 19 6285322
2345046 67 5 173056
1219187 41 28 624618
3030392 12 8 2817069
2416464 19 36 282000
7080228 3 93 5386609
5777885 72 67 1851705
8194558 53 85 6323701
7003631 58 55 2462321
1648758 73 66 565635
8058854 60 98 5113246
7075263 24 26 4496190
6126647 10 54 1690231
8423236 54 8 1637747
8277374 53 57 1058564
105312 77 91 27649
4124554 10 49 3222688
9185464 40 37 2590903
7452070 57 95 6437391
4055234 78 55 3237004
1095512 70 36 65493
367570 76 88 265946
541845 56 63 448515
4738888 34 66 3280754
7114965 7 90 2701130
174677 16 38 156824
3445645 59 4 1746987
2232894 89 49 2104239
3167869 81 38 1801875
3882408 24 1 1380533
2863089 24 44 1579216
6497842 98 20 2773990
9490029 77 63 1494019
8330548 83 100 1436307
7661854 4 39 6165885
1252174 74 96 535215
2108600 37 30 259256
9664711 99 1 3717307
3594413 2 31 2779247
4163446 50 25 3822077
7257389 58 21 3816943
3290412 68 18 2839694
6187489 1 38 5854208
188627 20 81 122872
9318340 76 78 433244
9148137 19 73 598260
777289 12 66 324830
6390019 69 12 6125264
6030814 47 3 3987237
2169027 28 23 816373
8529836 40 72 2503886
9795093 78 8 1618963
6127845 95 15 5346265
1007152 46 34 256654
6996262 43 39 5264493
8665493 10 63 634368
4487879 43 70 305573
110033 100 2 58768
4756897 84 91 1919973
3320186 50 24 3021784
3946586 6 7 3306973
4853604 22 48 2577155
3878579 65 51 172208
2139788 56 70 1470759
787988 65 36 271695
7733541 84 44 1005613
8839171 62 32 1897962
4384011 72 95 3076992
5226541 47 5 1379592
1874716 24 91 746969
7057835 8 77 2143787
1987160 84 67 667386
4324453 6 14 1370210
1190711 73 39 642636
7210098 26 61 3781996
5274523 13 77 3714958
8096210 56 44 3896115
6304158 40 91 2396072
2107608 12 75 431756
2788071 59 51 852037
2891677 52 74 2227193
6171655 70 80 2238222
2832474 9 78 2266433
8277434 64 49 4914561
1108731 7 32 772362
233238 81 76 230927
1076751 77 7 372197

