2 1 1 1 2 
2 1 3 1 4 
2 1 5 1 6 
2 1 7 1 8 
2 1 9 1 10 
2 1 11 1 12 
2 1 13 1 14 
2 1 15 1 16 
2 1 17 1 18 
2 1 19 1 20 
2 1 21 1 22 
2 1 23 1 24 
2 1 25 1 26 
2 1 27 1 28 
2 1 29 1 30 
2 1 31 1 32 
2 1 33 1 34 
2 1 35 1 36 
2 1 37 1 38 
2 1 39 1 40 
2 1 41 1 42 
2 1 43 1 44 
2 1 45 1 46 
2 1 47 1 48 
2 1 49 1 50 
2 1 51 1 52 
2 1 53 1 54 
2 1 55 1 56 
2 1 57 1 58 
2 1 59 1 60 
2 1 61 1 62 
2 1 63 1 64 
2 1 65 1 66 
2 1 67 1 68 
2 1 69 1 70 
2 1 71 1 72 
2 1 73 1 74 
2 1 75 1 76 
2 1 77 1 78 
2 1 79 1 80 
2 1 81 1 82 
2 1 83 1 84 
2 1 85 1 86 
2 1 87 1 88 
2 1 89 1 90 
2 1 91 2 91 
2 3 91 4 91 
2 5 91 6 91 
2 7 91 8 91 
2 9 91 10 91 
2 11 91 12 91 
2 13 91 14 91 
2 15 91 16 91 
2 17 91 18 91 
2 19 91 20 91 
2 21 91 22 91 
2 23 91 24 91 
2 25 91 26 91 
2 27 91 28 91 
2 29 91 30 91 
2 31 91 32 91 
2 33 91 34 91 
2 35 91 36 91 
2 37 91 38 91 
2 39 91 40 91 
2 41 91 42 91 
2 43 91 44 91 
2 45 91 46 91 
2 47 91 48 91 
2 49 91 50 91 
2 51 91 52 91 
2 53 91 54 91 
2 55 91 56 91 
2 57 91 58 91 
2 59 91 60 91 
2 61 91 62 91 
2 63 91 64 91 
2 65 91 66 91 
2 67 91 68 91 
2 69 91 70 91 
2 71 91 72 91 
2 73 91 74 91 
2 75 91 76 91 
2 77 91 78 91 
2 79 91 80 91 
2 81 91 82 91 
2 83 91 84 91 
2 85 91 86 91 
2 87 91 88 91 
2 89 91 90 91 
2 91 91 92 91 
2 93 91 94 91 
2 95 91 96 91 
2 97 91 98 91 
2 99 91 100 91 
2 101 91 102 91 
2 103 91 104 91 
2 105 91 106 91 
2 107 91 108 91 
2 109 91 110 91 
2 111 91 112 91 
2 113 91 114 91 
2 115 91 116 91 
2 117 91 118 91 
2 119 91 120 91 
2 121 91 122 91 
2 123 91 124 91 
2 125 91 126 91 
2 127 91 128 91 
2 129 91 130 91 
2 131 91 132 91 
2 133 91 134 91 
2 135 91 135 90 
2 135 89 135 88 
2 135 87 135 86 
2 135 85 135 84 
2 135 83 135 82 
2 135 81 135 80 
2 135 79 135 78 
2 135 77 135 76 
2 135 75 135 74 
2 135 73 135 72 
2 135 71 135 70 
2 135 69 135 68 
2 135 67 135 66 
2 135 65 135 64 
2 135 63 135 62 
2 135 61 135 60 
2 135 59 135 58 
2 135 57 135 56 
2 135 55 135 54 
2 135 53 135 52 
2 135 51 135 50 
2 135 49 135 48 
2 135 47 135 46 
2 135 45 135 44 
2 135 43 135 42 
2 135 41 135 40 
2 135 39 135 38 
2 135 37 135 36 
2 135 35 135 34 
2 135 33 135 32 
2 135 31 135 30 
2 135 29 135 28 
2 135 27 135 26 
2 135 25 135 24 
2 135 23 135 22 
2 135 21 135 20 
2 135 19 135 18 
2 135 17 135 16 
2 135 15 135 14 
2 135 13 135 12 
2 135 11 135 10 
2 135 9 135 8 
2 135 7 135 6 
2 135 5 135 4 
2 135 3 135 2 
2 135 1 134 1 
2 134 2 134 3 
2 134 4 134 5 
2 134 6 134 7 
2 134 8 134 9 
2 134 10 134 11 
2 134 12 134 13 
2 134 14 134 15 
2 134 16 134 17 
2 134 18 134 19 
2 134 20 134 21 
2 134 22 134 23 
2 134 24 134 25 
2 134 26 134 27 
2 134 28 134 29 
2 134 30 134 31 
2 134 32 134 33 
2 134 34 134 35 
2 134 36 134 37 
2 134 38 134 39 
2 134 40 134 41 
2 134 42 134 43 
2 134 44 134 45 
2 134 46 134 47 
2 134 48 134 49 
2 134 50 134 51 
2 134 52 134 53 
2 134 54 134 55 
2 134 56 134 57 
2 134 58 134 59 
2 134 60 134 61 
2 134 62 134 63 
2 134 64 134 65 
2 134 66 134 67 
2 134 68 134 69 
2 134 70 134 71 
2 134 72 134 73 
2 134 74 134 75 
2 134 76 134 77 
2 134 78 134 79 
2 134 80 134 81 
2 134 82 134 83 
2 134 84 134 85 
2 134 86 134 87 
2 134 88 134 89 
2 134 90 133 90 
2 133 89 133 88 
2 133 87 133 86 
2 133 85 133 84 
2 133 83 133 82 
2 133 81 133 80 
2 133 79 133 78 
2 133 77 133 76 
2 133 75 133 74 
2 133 73 133 72 
2 133 71 133 70 
2 133 69 133 68 
2 133 67 133 66 
2 133 65 133 64 
2 133 63 133 62 
2 133 61 133 60 
2 133 59 133 58 
2 133 57 133 56 
2 133 55 133 54 
2 133 53 133 52 
2 133 51 133 50 
2 133 49 133 48 
2 133 47 133 46 
2 133 45 133 44 
2 133 43 133 42 
2 133 41 133 40 
2 133 39 133 38 
2 133 37 133 36 
2 133 35 133 34 
2 133 33 133 32 
2 133 31 133 30 
2 133 29 133 28 
2 133 27 133 26 
2 133 25 133 24 
2 133 23 133 22 
2 133 21 133 20 
2 133 19 133 18 
2 133 17 133 16 
2 133 15 133 14 
2 133 13 133 12 
2 133 11 133 10 
2 133 9 133 8 
2 133 7 133 6 
2 133 5 133 4 
2 133 3 133 2 
2 133 1 132 1 
2 132 2 132 3 
2 132 4 132 5 
2 132 6 132 7 
2 132 8 132 9 
2 132 10 132 11 
2 132 12 132 13 
2 132 14 132 15 
2 132 16 132 17 
2 132 18 132 19 
2 132 20 132 21 
2 132 22 132 23 
2 132 24 132 25 
2 132 26 132 27 
2 132 28 132 29 
2 132 30 132 31 
2 132 32 132 33 
2 132 34 132 35 
2 132 36 132 37 
2 132 38 132 39 
2 132 40 132 41 
2 132 42 132 43 
2 132 44 132 45 
2 132 46 132 47 
2 132 48 132 49 
2 132 50 132 51 
2 132 52 132 53 
2 132 54 132 55 
2 132 56 132 57 
2 132 58 132 59 
2 132 60 132 61 
2 132 62 132 63 
2 132 64 132 65 
2 132 66 132 67 
2 132 68 132 69 
2 132 70 132 71 
2 132 72 132 73 
2 132 74 132 75 
2 132 76 132 77 
2 132 78 132 79 
2 132 80 132 81 
2 132 82 132 83 
2 132 84 132 85 
2 132 86 132 87 
2 132 88 132 89 
2 132 90 131 90 
2 131 89 131 88 
2 131 87 131 86 
2 131 85 131 84 
2 131 83 131 82 
2 131 81 131 80 
2 131 79 131 78 
2 131 77 131 76 
2 131 75 131 74 
2 131 73 131 72 
2 131 71 131 70 
2 131 69 131 68 
2 131 67 131 66 
2 131 65 131 64 
2 131 63 131 62 
2 131 61 131 60 
2 131 59 131 58 
2 131 57 131 56 
2 131 55 131 54 
2 131 53 131 52 
2 131 51 131 50 
2 131 49 131 48 
2 131 47 131 46 
2 131 45 131 44 
2 131 43 131 42 
2 131 41 131 40 
2 131 39 131 38 
2 131 37 131 36 
2 131 35 131 34 
2 131 33 131 32 
2 131 31 131 30 
2 131 29 131 28 
2 131 27 131 26 
2 131 25 131 24 
2 131 23 131 22 
2 131 21 131 20 
2 131 19 131 18 
2 131 17 131 16 
2 131 15 131 14 
2 131 13 131 12 
2 131 11 131 10 
2 131 9 131 8 
2 131 7 131 6 
2 131 5 131 4 
2 131 3 131 2 
2 131 1 130 1 
2 130 2 130 3 
2 130 4 130 5 
2 130 6 130 7 
2 130 8 130 9 
2 130 10 130 11 
2 130 12 130 13 
2 130 14 130 15 
2 130 16 130 17 
2 130 18 130 19 
2 130 20 130 21 
2 130 22 130 23 
2 130 24 130 25 
2 130 26 130 27 
2 130 28 130 29 
2 130 30 130 31 
2 130 32 130 33 
2 130 34 130 35 
2 130 36 130 37 
2 130 38 130 39 
2 130 40 130 41 
2 130 42 130 43 
2 130 44 130 45 
2 130 46 130 47 
2 130 48 130 49 
2 130 50 130 51 
2 130 52 130 53 
2 130 54 130 55 
2 130 56 130 57 
2 130 58 130 59 
2 130 60 130 61 
2 130 62 130 63 
2 130 64 130 65 
2 130 66 130 67 
2 130 68 130 69 
2 130 70 130 71 
2 130 72 130 73 
2 130 74 130 75 
2 130 76 130 77 
2 130 78 130 79 
2 130 80 130 81 
2 130 82 130 83 
2 130 84 130 85 
2 130 86 130 87 
2 130 88 130 89 
2 130 90 129 90 
2 129 89 129 88 
2 129 87 129 86 
2 129 85 129 84 
2 129 83 129 82 
2 129 81 129 80 
2 129 79 129 78 
2 129 77 129 76 
2 129 75 129 74 
2 129 73 129 72 
2 129 71 129 70 
2 129 69 129 68 
2 129 67 129 66 
2 129 65 129 64 
2 129 63 129 62 
2 129 61 129 60 
2 129 59 129 58 
2 129 57 129 56 
2 129 55 129 54 
2 129 53 129 52 
2 129 51 129 50 
2 129 49 129 48 
2 129 47 129 46 
2 129 45 129 44 
2 129 43 129 42 
2 129 41 129 40 
2 129 39 129 38 
2 129 37 129 36 
2 129 35 129 34 
2 129 33 129 32 
2 129 31 129 30 
2 129 29 129 28 
2 129 27 129 26 
2 129 25 129 24 
2 129 23 129 22 
2 129 21 129 20 
2 129 19 129 18 
2 129 17 129 16 
2 129 15 129 14 
2 129 13 129 12 
2 129 11 129 10 
2 129 9 129 8 
2 129 7 129 6 
2 129 5 129 4 
2 129 3 129 2 
2 129 1 128 1 
2 128 2 128 3 
2 128 4 128 5 
2 128 6 128 7 
2 128 8 128 9 
2 128 10 128 11 
2 128 12 128 13 
2 128 14 128 15 
2 128 16 128 17 
2 128 18 128 19 
2 128 20 128 21 
2 128 22 128 23 
2 128 24 128 25 
2 128 26 128 27 
2 128 28 128 29 
2 128 30 128 31 
2 128 32 128 33 
2 128 34 128 35 
2 128 36 128 37 
2 128 38 128 39 
2 128 40 128 41 
2 128 42 128 43 
2 128 44 128 45 
2 128 46 128 47 
2 128 48 128 49 
2 128 50 128 51 
2 128 52 128 53 
2 128 54 128 55 
2 128 56 128 57 
2 128 58 128 59 
2 128 60 128 61 
2 128 62 128 63 
2 128 64 128 65 
2 128 66 128 67 
2 128 68 128 69 
2 128 70 128 71 
2 128 72 128 73 
2 128 74 128 75 
2 128 76 128 77 
2 128 78 128 79 
2 128 80 128 81 
2 128 82 128 83 
2 128 84 128 85 
2 128 86 128 87 
2 128 88 128 89 
2 128 90 127 90 
2 127 89 127 88 
2 127 87 127 86 
2 127 85 127 84 
2 127 83 127 82 
2 127 81 127 80 
2 127 79 127 78 
2 127 77 127 76 
2 127 75 127 74 
2 127 73 127 72 
2 127 71 127 70 
2 127 69 127 68 
2 127 67 127 66 
2 127 65 127 64 
2 127 63 127 62 
2 127 61 127 60 
2 127 59 127 58 
2 127 57 127 56 
2 127 55 127 54 
2 127 53 127 52 
2 127 51 127 50 
2 127 49 127 48 
2 127 47 127 46 
2 127 45 127 44 
2 127 43 127 42 
2 127 41 127 40 
2 127 39 127 38 
2 127 37 127 36 
2 127 35 127 34 
2 127 33 127 32 
2 127 31 127 30 
2 127 29 127 28 
2 127 27 127 26 
2 127 25 127 24 
2 127 23 127 22 
2 127 21 127 20 
2 127 19 127 18 
2 127 17 127 16 
2 127 15 127 14 
2 127 13 127 12 
2 127 11 127 10 
2 127 9 127 8 
2 127 7 127 6 
2 127 5 127 4 
2 127 3 127 2 
2 127 1 126 1 
2 126 2 126 3 
2 126 4 126 5 
2 126 6 126 7 
2 126 8 126 9 
2 126 10 126 11 
2 126 12 126 13 
2 126 14 126 15 
2 126 16 126 17 
2 126 18 126 19 
2 126 20 126 21 
2 126 22 126 23 
2 126 24 126 25 
2 126 26 126 27 
2 126 28 126 29 
2 126 30 126 31 
2 126 32 126 33 
2 126 34 126 35 
2 126 36 126 37 
2 126 38 126 39 
2 126 40 126 41 
2 126 42 126 43 
2 126 44 126 45 
2 126 46 126 47 
2 126 48 126 49 
2 126 50 126 51 
2 126 52 126 53 
2 126 54 126 55 
2 126 56 126 57 
2 126 58 126 59 
2 126 60 126 61 
2 126 62 126 63 
2 126 64 126 65 
2 126 66 126 67 
2 126 68 126 69 
2 126 70 126 71 
2 126 72 126 73 
2 126 74 126 75 
2 126 76 126 77 
2 126 78 126 79 
2 126 80 126 81 
2 126 82 126 83 
2 126 84 126 85 
2 126 86 126 87 
2 126 88 126 89 
2 126 90 125 90 
2 125 89 125 88 
2 125 87 125 86 
2 125 85 125 84 
2 125 83 125 82 
2 125 81 125 80 
2 125 79 125 78 
2 125 77 125 76 
2 125 75 125 74 
2 125 73 125 72 
2 125 71 125 70 
2 125 69 125 68 
2 125 67 125 66 
2 125 65 125 64 
2 125 63 125 62 
2 125 61 125 60 
2 125 59 125 58 
2 125 57 125 56 
2 125 55 125 54 
2 125 53 125 52 
2 125 51 125 50 
2 125 49 125 48 
2 125 47 125 46 
2 125 45 125 44 
2 125 43 125 42 
2 125 41 125 40 
2 125 39 125 38 
2 125 37 125 36 
2 125 35 125 34 
2 125 33 125 32 
2 125 31 125 30 
2 125 29 125 28 
2 125 27 125 26 
2 125 25 125 24 
2 125 23 125 22 
2 125 21 125 20 
2 125 19 125 18 
2 125 17 125 16 
2 125 15 125 14 
2 125 13 125 12 
2 125 11 125 10 
2 125 9 125 8 
2 125 7 125 6 
2 125 5 125 4 
2 125 3 125 2 
2 125 1 124 1 
2 124 2 124 3 
2 124 4 124 5 
2 124 6 124 7 
2 124 8 124 9 
2 124 10 124 11 
2 124 12 124 13 
2 124 14 124 15 
2 124 16 124 17 
2 124 18 124 19 
2 124 20 124 21 
2 124 22 124 23 
2 124 24 124 25 
2 124 26 124 27 
2 124 28 124 29 
2 124 30 124 31 
2 124 32 124 33 
2 124 34 124 35 
2 124 36 124 37 
2 124 38 124 39 
2 124 40 124 41 
2 124 42 124 43 
2 124 44 124 45 
2 124 46 124 47 
2 124 48 124 49 
2 124 50 124 51 
2 124 52 124 53 
2 124 54 124 55 
2 124 56 124 57 
2 124 58 124 59 
2 124 60 124 61 
2 124 62 124 63 
2 124 64 124 65 
2 124 66 124 67 
2 124 68 124 69 
2 124 70 124 71 
2 124 72 124 73 
2 124 74 124 75 
2 124 76 124 77 
2 124 78 124 79 
2 124 80 124 81 
2 124 82 124 83 
2 124 84 124 85 
2 124 86 124 87 
2 124 88 124 89 
2 124 90 123 90 
2 123 89 123 88 
2 123 87 123 86 
2 123 85 123 84 
2 123 83 123 82 
2 123 81 123 80 
2 123 79 123 78 
2 123 77 123 76 
2 123 75 123 74 
2 123 73 123 72 
2 123 71 123 70 
2 123 69 123 68 
2 123 67 123 66 
2 123 65 123 64 
2 123 63 123 62 
2 123 61 123 60 
2 123 59 123 58 
2 123 57 123 56 
2 123 55 123 54 
2 123 53 123 52 
2 123 51 123 50 
2 123 49 123 48 
2 123 47 123 46 
2 123 45 123 44 
2 123 43 123 42 
2 123 41 123 40 
2 123 39 123 38 
2 123 37 123 36 
2 123 35 123 34 
2 123 33 123 32 
2 123 31 123 30 
2 123 29 123 28 
2 123 27 123 26 
2 123 25 123 24 
2 123 23 123 22 
2 123 21 123 20 
2 123 19 123 18 
2 123 17 123 16 
2 123 15 123 14 
2 123 13 123 12 
2 123 11 123 10 
2 123 9 123 8 
2 123 7 123 6 
2 123 5 123 4 
2 123 3 123 2 
2 123 1 122 1 
2 122 2 122 3 
2 122 4 122 5 
2 122 6 122 7 
2 122 8 122 9 
2 122 10 122 11 
2 122 12 122 13 
2 122 14 122 15 
2 122 16 122 17 
2 122 18 122 19 
2 122 20 122 21 
2 122 22 122 23 
2 122 24 122 25 
2 122 26 122 27 
2 122 28 122 29 
2 122 30 122 31 
2 122 32 122 33 
2 122 34 122 35 
2 122 36 122 37 
2 122 38 122 39 
2 122 40 122 41 
2 122 42 122 43 
2 122 44 122 45 
2 122 46 122 47 
2 122 48 122 49 
2 122 50 122 51 
2 122 52 122 53 
2 122 54 122 55 
2 122 56 122 57 
2 122 58 122 59 
2 122 60 122 61 
2 122 62 122 63 
2 122 64 122 65 
2 122 66 122 67 
2 122 68 122 69 
2 122 70 122 71 
2 122 72 122 73 
2 122 74 122 75 
2 122 76 122 77 
2 122 78 122 79 
2 122 80 122 81 
2 122 82 122 83 
2 122 84 122 85 
2 122 86 122 87 
2 122 88 122 89 
2 122 90 121 90 
2 121 89 121 88 
2 121 87 121 86 
2 121 85 121 84 
2 121 83 121 82 
2 121 81 121 80 
2 121 79 121 78 
2 121 77 121 76 
2 121 75 121 74 
2 121 73 121 72 
2 121 71 121 70 
2 121 69 121 68 
2 121 67 121 66 
2 121 65 121 64 
2 121 63 121 62 
2 121 61 121 60 
2 121 59 121 58 
2 121 57 121 56 
2 121 55 121 54 
2 121 53 121 52 
2 121 51 121 50 
2 121 49 121 48 
2 121 47 121 46 
2 121 45 121 44 
2 121 43 121 42 
2 121 41 121 40 
2 121 39 121 38 
2 121 37 121 36 
2 121 35 121 34 
2 121 33 121 32 
2 121 31 121 30 
2 121 29 121 28 
2 121 27 121 26 
2 121 25 121 24 
2 121 23 121 22 
2 121 21 121 20 
2 121 19 121 18 
2 121 17 121 16 
2 121 15 121 14 
2 121 13 121 12 
2 121 11 121 10 
2 121 9 121 8 
2 121 7 121 6 
2 121 5 121 4 
2 121 3 121 2 
2 121 1 120 1 
2 120 2 120 3 
2 120 4 120 5 
2 120 6 120 7 
2 120 8 120 9 
2 120 10 120 11 
2 120 12 120 13 
2 120 14 120 15 
2 120 16 120 17 
2 120 18 120 19 
2 120 20 120 21 
2 120 22 120 23 
2 120 24 120 25 
2 120 26 120 27 
2 120 28 120 29 
2 120 30 120 31 
2 120 32 120 33 
2 120 34 120 35 
2 120 36 120 37 
2 120 38 120 39 
2 120 40 120 41 
2 120 42 120 43 
2 120 44 120 45 
2 120 46 120 47 
2 120 48 120 49 
2 120 50 120 51 
2 120 52 120 53 
2 120 54 120 55 
2 120 56 120 57 
2 120 58 120 59 
2 120 60 120 61 
2 120 62 120 63 
2 120 64 120 65 
2 120 66 120 67 
2 120 68 120 69 
2 120 70 120 71 
2 120 72 120 73 
2 120 74 120 75 
2 120 76 120 77 
2 120 78 120 79 
2 120 80 120 81 
2 120 82 120 83 
2 120 84 120 85 
2 120 86 120 87 
2 120 88 120 89 
2 120 90 119 90 
2 119 89 119 88 
2 119 87 119 86 
2 119 85 119 84 
2 119 83 119 82 
2 119 81 119 80 
2 119 79 119 78 
2 119 77 119 76 
2 119 75 119 74 
2 119 73 119 72 
2 119 71 119 70 
2 119 69 119 68 
2 119 67 119 66 
2 119 65 119 64 
2 119 63 119 62 
2 119 61 119 60 
2 119 59 119 58 
2 119 57 119 56 
2 119 55 119 54 
2 119 53 119 52 
2 119 51 119 50 
2 119 49 119 48 
2 119 47 119 46 
2 119 45 119 44 
2 119 43 119 42 
2 119 41 119 40 
2 119 39 119 38 
2 119 37 119 36 
2 119 35 119 34 
2 119 33 119 32 
2 119 31 119 30 
2 119 29 119 28 
2 119 27 119 26 
2 119 25 119 24 
2 119 23 119 22 
2 119 21 119 20 
2 119 19 119 18 
2 119 17 119 16 
2 119 15 119 14 
2 119 13 119 12 
2 119 11 119 10 
2 119 9 119 8 
2 119 7 119 6 
2 119 5 119 4 
2 119 3 119 2 
2 119 1 118 1 
2 118 2 118 3 
2 118 4 118 5 
2 118 6 118 7 
2 118 8 118 9 
2 118 10 118 11 
2 118 12 118 13 
2 118 14 118 15 
2 118 16 118 17 
2 118 18 118 19 
2 118 20 118 21 
2 118 22 118 23 
2 118 24 118 25 
2 118 26 118 27 
2 118 28 118 29 
2 118 30 118 31 
2 118 32 118 33 
2 118 34 118 35 
2 118 36 118 37 
2 118 38 118 39 
2 118 40 118 41 
2 118 42 118 43 
2 118 44 118 45 
2 118 46 118 47 
2 118 48 118 49 
2 118 50 118 51 
2 118 52 118 53 
2 118 54 118 55 
2 118 56 118 57 
2 118 58 118 59 
2 118 60 118 61 
2 118 62 118 63 
2 118 64 118 65 
2 118 66 118 67 
2 118 68 118 69 
2 118 70 118 71 
2 118 72 118 73 
2 118 74 118 75 
2 118 76 118 77 
2 118 78 118 79 
2 118 80 118 81 
2 118 82 118 83 
2 118 84 118 85 
2 118 86 118 87 
2 118 88 118 89 
2 118 90 117 90 
2 117 89 117 88 
2 117 87 117 86 
2 117 85 117 84 
2 117 83 117 82 
2 117 81 117 80 
2 117 79 117 78 
2 117 77 117 76 
2 117 75 117 74 
2 117 73 117 72 
2 117 71 117 70 
2 117 69 117 68 
2 117 67 117 66 
2 117 65 117 64 
2 117 63 117 62 
2 117 61 117 60 
2 117 59 117 58 
2 117 57 117 56 
2 117 55 117 54 
2 117 53 117 52 
2 117 51 117 50 
2 117 49 117 48 
2 117 47 117 46 
2 117 45 117 44 
2 117 43 117 42 
2 117 41 117 40 
2 117 39 117 38 
2 117 37 117 36 
2 117 35 117 34 
2 117 33 117 32 
2 117 31 117 30 
2 117 29 117 28 
2 117 27 117 26 
2 117 25 117 24 
2 117 23 117 22 
2 117 21 117 20 
2 117 19 117 18 
2 117 17 117 16 
2 117 15 117 14 
2 117 13 117 12 
2 117 11 117 10 
2 117 9 117 8 
2 117 7 117 6 
2 117 5 117 4 
2 117 3 117 2 
2 117 1 116 1 
2 116 2 116 3 
2 116 4 116 5 
2 116 6 116 7 
2 116 8 116 9 
2 116 10 116 11 
2 116 12 116 13 
2 116 14 116 15 
2 116 16 116 17 
2 116 18 116 19 
2 116 20 116 21 
2 116 22 116 23 
2 116 24 116 25 
2 116 26 116 27 
2 116 28 116 29 
2 116 30 116 31 
2 116 32 116 33 
2 116 34 116 35 
2 116 36 116 37 
2 116 38 116 39 
2 116 40 116 41 
2 116 42 116 43 
2 116 44 116 45 
2 116 46 116 47 
2 116 48 116 49 
2 116 50 116 51 
2 116 52 116 53 
2 116 54 116 55 
2 116 56 116 57 
2 116 58 116 59 
2 116 60 116 61 
2 116 62 116 63 
2 116 64 116 65 
2 116 66 116 67 
2 116 68 116 69 
2 116 70 116 71 
2 116 72 116 73 
2 116 74 116 75 
2 116 76 116 77 
2 116 78 116 79 
2 116 80 116 81 
2 116 82 116 83 
2 116 84 116 85 
2 116 86 116 87 
2 116 88 116 89 
2 116 90 115 90 
2 115 89 115 88 
2 115 87 115 86 
2 115 85 115 84 
2 115 83 115 82 
2 115 81 115 80 
2 115 79 115 78 
2 115 77 115 76 
2 115 75 115 74 
2 115 73 115 72 
2 115 71 115 70 
2 115 69 115 68 
2 115 67 115 66 
2 115 65 115 64 
2 115 63 115 62 
2 115 61 115 60 
2 115 59 115 58 
2 115 57 115 56 
2 115 55 115 54 
2 115 53 115 52 
2 115 51 115 50 
2 115 49 115 48 
2 115 47 115 46 
2 115 45 115 44 
2 115 43 115 42 
2 115 41 115 40 
2 115 39 115 38 
2 115 37 115 36 
2 115 35 115 34 
2 115 33 115 32 
2 115 31 115 30 
2 115 29 115 28 
2 115 27 115 26 
2 115 25 115 24 
2 115 23 115 22 
2 115 21 115 20 
2 115 19 115 18 
2 115 17 115 16 
2 115 15 115 14 
2 115 13 115 12 
2 115 11 115 10 
2 115 9 115 8 
2 115 7 115 6 
2 115 5 115 4 
2 115 3 115 2 
2 115 1 114 1 
2 114 2 114 3 
2 114 4 114 5 
2 114 6 114 7 
2 114 8 114 9 
2 114 10 114 11 
2 114 12 114 13 
2 114 14 114 15 
2 114 16 114 17 
2 114 18 114 19 
2 114 20 114 21 
2 114 22 114 23 
2 114 24 114 25 
2 114 26 114 27 
2 114 28 114 29 
2 114 30 114 31 
2 114 32 114 33 
2 114 34 114 35 
2 114 36 114 37 
2 114 38 114 39 
2 114 40 114 41 
2 114 42 114 43 
2 114 44 114 45 
2 114 46 114 47 
2 114 48 114 49 
2 114 50 114 51 
2 114 52 114 53 
2 114 54 114 55 
2 114 56 114 57 
2 114 58 114 59 
2 114 60 114 61 
2 114 62 114 63 
2 114 64 114 65 
2 114 66 114 67 
2 114 68 114 69 
2 114 70 114 71 
2 114 72 114 73 
2 114 74 114 75 
2 114 76 114 77 
2 114 78 114 79 
2 114 80 114 81 
2 114 82 114 83 
2 114 84 114 85 
2 114 86 114 87 
2 114 88 114 89 
2 114 90 113 90 
2 113 89 113 88 
2 113 87 113 86 
2 113 85 113 84 
2 113 83 113 82 
2 113 81 113 80 
2 113 79 113 78 
2 113 77 113 76 
2 113 75 113 74 
2 113 73 113 72 
2 113 71 113 70 
2 113 69 113 68 
2 113 67 113 66 
2 113 65 113 64 
2 113 63 113 62 
2 113 61 113 60 
2 113 59 113 58 
2 113 57 113 56 
2 113 55 113 54 
2 113 53 113 52 
2 113 51 113 50 
2 113 49 113 48 
2 113 47 113 46 
2 113 45 113 44 
2 113 43 113 42 
2 113 41 113 40 
2 113 39 113 38 
2 113 37 113 36 
2 113 35 113 34 
2 113 33 113 32 
2 113 31 113 30 
2 113 29 113 28 
2 113 27 113 26 
2 113 25 113 24 
2 113 23 113 22 
2 113 21 113 20 
2 113 19 113 18 
2 113 17 113 16 
2 113 15 113 14 
2 113 13 113 12 
2 113 11 113 10 
2 113 9 113 8 
2 113 7 113 6 
2 113 5 113 4 
2 113 3 113 2 
2 113 1 112 1 
2 112 2 112 3 
2 112 4 112 5 
2 112 6 112 7 
2 112 8 112 9 
2 112 10 112 11 
2 112 12 112 13 
2 112 14 112 15 
2 112 16 112 17 
2 112 18 112 19 
2 112 20 112 21 
2 112 22 112 23 
2 112 24 112 25 
2 112 26 112 27 
2 112 28 112 29 
2 112 30 112 31 
2 112 32 112 33 
2 112 34 112 35 
2 112 36 112 37 
2 112 38 112 39 
2 112 40 112 41 
2 112 42 112 43 
2 112 44 112 45 
2 112 46 112 47 
2 112 48 112 49 
2 112 50 112 51 
2 112 52 112 53 
2 112 54 112 55 
2 112 56 112 57 
2 112 58 112 59 
2 112 60 112 61 
2 112 62 112 63 
2 112 64 112 65 
2 112 66 112 67 
2 112 68 112 69 
2 112 70 112 71 
2 112 72 112 73 
2 112 74 112 75 
2 112 76 112 77 
2 112 78 112 79 
2 112 80 112 81 
2 112 82 112 83 
2 112 84 112 85 
2 112 86 112 87 
2 112 88 112 89 
2 112 90 111 90 
2 111 89 111 88 
2 111 87 111 86 
2 111 85 111 84 
2 111 83 111 82 
2 111 81 111 80 
2 111 79 111 78 
2 111 77 111 76 
2 111 75 111 74 
2 111 73 111 72 
2 111 71 111 70 
2 111 69 111 68 
2 111 67 111 66 
2 111 65 111 64 
2 111 63 111 62 
2 111 61 111 60 
2 111 59 111 58 
2 111 57 111 56 
2 111 55 111 54 
2 111 53 111 52 
2 111 51 111 50 
2 111 49 111 48 
2 111 47 111 46 
2 111 45 111 44 
2 111 43 111 42 
2 111 41 111 40 
2 111 39 111 38 
2 111 37 111 36 
2 111 35 111 34 
2 111 33 111 32 
2 111 31 111 30 
2 111 29 111 28 
2 111 27 111 26 
2 111 25 111 24 
2 111 23 111 22 
2 111 21 111 20 
2 111 19 111 18 
2 111 17 111 16 
2 111 15 111 14 
2 111 13 111 12 
2 111 11 111 10 
2 111 9 111 8 
2 111 7 111 6 
2 111 5 111 4 
2 111 3 111 2 
2 111 1 110 1 
2 110 2 110 3 
2 110 4 110 5 
2 110 6 110 7 
2 110 8 110 9 
2 110 10 110 11 
2 110 12 110 13 
2 110 14 110 15 
2 110 16 110 17 
2 110 18 110 19 
2 110 20 110 21 
2 110 22 110 23 
2 110 24 110 25 
2 110 26 110 27 
2 110 28 110 29 
2 110 30 110 31 
2 110 32 110 33 
2 110 34 110 35 
2 110 36 110 37 
2 110 38 110 39 
2 110 40 110 41 
2 110 42 110 43 
2 110 44 110 45 
2 110 46 110 47 
2 110 48 110 49 
2 110 50 110 51 
2 110 52 110 53 
2 110 54 110 55 
2 110 56 110 57 
2 110 58 110 59 
2 110 60 110 61 
2 110 62 110 63 
2 110 64 110 65 
2 110 66 110 67 
2 110 68 110 69 
2 110 70 110 71 
2 110 72 110 73 
2 110 74 110 75 
2 110 76 110 77 
2 110 78 110 79 
2 110 80 110 81 
2 110 82 110 83 
2 110 84 110 85 
2 110 86 110 87 
2 110 88 110 89 
2 110 90 109 90 
2 109 89 109 88 
2 109 87 109 86 
2 109 85 109 84 
2 109 83 109 82 
2 109 81 109 80 
2 109 79 109 78 
2 109 77 109 76 
2 109 75 109 74 
2 109 73 109 72 
2 109 71 109 70 
2 109 69 109 68 
2 109 67 109 66 
2 109 65 109 64 
2 109 63 109 62 
2 109 61 109 60 
2 109 59 109 58 
2 109 57 109 56 
2 109 55 109 54 
2 109 53 109 52 
2 109 51 109 50 
2 109 49 109 48 
2 109 47 109 46 
2 109 45 109 44 
2 109 43 109 42 
2 109 41 109 40 
2 109 39 109 38 
2 109 37 109 36 
2 109 35 109 34 
2 109 33 109 32 
2 109 31 109 30 
2 109 29 109 28 
2 109 27 109 26 
2 109 25 109 24 
2 109 23 109 22 
2 109 21 109 20 
2 109 19 109 18 
2 109 17 109 16 
2 109 15 109 14 
2 109 13 109 12 
2 109 11 109 10 
2 109 9 109 8 
2 109 7 109 6 
2 109 5 109 4 
2 109 3 109 2 
2 109 1 108 1 
2 108 2 108 3 
2 108 4 108 5 
2 108 6 108 7 
2 108 8 108 9 
2 108 10 108 11 
2 108 12 108 13 
2 108 14 108 15 
2 108 16 108 17 
2 108 18 108 19 
2 108 20 108 21 
2 108 22 108 23 
2 108 24 108 25 
2 108 26 108 27 
2 108 28 108 29 
2 108 30 108 31 
2 108 32 108 33 
2 108 34 108 35 
2 108 36 108 37 
2 108 38 108 39 
2 108 40 108 41 
2 108 42 108 43 
2 108 44 108 45 
2 108 46 108 47 
2 108 48 108 49 
2 108 50 108 51 
2 108 52 108 53 
2 108 54 108 55 
2 108 56 108 57 
2 108 58 108 59 
2 108 60 108 61 
2 108 62 108 63 
2 108 64 108 65 
2 108 66 108 67 
2 108 68 108 69 
2 108 70 108 71 
2 108 72 108 73 
2 108 74 108 75 
2 108 76 108 77 
2 108 78 108 79 
2 108 80 108 81 
2 108 82 108 83 
2 108 84 108 85 
2 108 86 108 87 
2 108 88 108 89 
2 108 90 107 90 
2 107 89 107 88 
2 107 87 107 86 
2 107 85 107 84 
2 107 83 107 82 
2 107 81 107 80 
2 107 79 107 78 
2 107 77 107 76 
2 107 75 107 74 
2 107 73 107 72 
2 107 71 107 70 
2 107 69 107 68 
2 107 67 107 66 
2 107 65 107 64 
2 107 63 107 62 
2 107 61 107 60 
2 107 59 107 58 
2 107 57 107 56 
2 107 55 107 54 
2 107 53 107 52 
2 107 51 107 50 
2 107 49 107 48 
2 107 47 107 46 
2 107 45 107 44 
2 107 43 107 42 
2 107 41 107 40 
2 107 39 107 38 
2 107 37 107 36 
2 107 35 107 34 
2 107 33 107 32 
2 107 31 107 30 
2 107 29 107 28 
2 107 27 107 26 
2 107 25 107 24 
2 107 23 107 22 
2 107 21 107 20 
2 107 19 107 18 
2 107 17 107 16 
2 107 15 107 14 
2 107 13 107 12 
2 107 11 107 10 
2 107 9 107 8 
2 107 7 107 6 
2 107 5 107 4 
2 107 3 107 2 
2 107 1 106 1 
2 106 2 106 3 
2 106 4 106 5 
2 106 6 106 7 
2 106 8 106 9 
2 106 10 106 11 
2 106 12 106 13 
2 106 14 106 15 
2 106 16 106 17 
2 106 18 106 19 
2 106 20 106 21 
2 106 22 106 23 
2 106 24 106 25 
2 106 26 106 27 
2 106 28 106 29 
2 106 30 106 31 
2 106 32 106 33 
2 106 34 106 35 
2 106 36 106 37 
2 106 38 106 39 
2 106 40 106 41 
2 106 42 106 43 
2 106 44 106 45 
2 106 46 106 47 
2 106 48 106 49 
2 106 50 106 51 
2 106 52 106 53 
2 106 54 106 55 
2 106 56 106 57 
2 106 58 106 59 
2 106 60 106 61 
2 106 62 106 63 
2 106 64 106 65 
2 106 66 106 67 
2 106 68 106 69 
2 106 70 106 71 
2 106 72 106 73 
2 106 74 106 75 
2 106 76 106 77 
2 106 78 106 79 
2 106 80 106 81 
2 106 82 106 83 
2 106 84 106 85 
2 106 86 106 87 
2 106 88 106 89 
2 106 90 105 90 
2 105 89 105 88 
2 105 87 105 86 
2 105 85 105 84 
2 105 83 105 82 
2 105 81 105 80 
2 105 79 105 78 
2 105 77 105 76 
2 105 75 105 74 
2 105 73 105 72 
2 105 71 105 70 
2 105 69 105 68 
2 105 67 105 66 
2 105 65 105 64 
2 105 63 105 62 
2 105 61 105 60 
2 105 59 105 58 
2 105 57 105 56 
2 105 55 105 54 
2 105 53 105 52 
2 105 51 105 50 
2 105 49 105 48 
2 105 47 105 46 
2 105 45 105 44 
2 105 43 105 42 
2 105 41 105 40 
2 105 39 105 38 
2 105 37 105 36 
2 105 35 105 34 
2 105 33 105 32 
2 105 31 105 30 
2 105 29 105 28 
2 105 27 105 26 
2 105 25 105 24 
2 105 23 105 22 
2 105 21 105 20 
2 105 19 105 18 
2 105 17 105 16 
2 105 15 105 14 
2 105 13 105 12 
2 105 11 105 10 
2 105 9 105 8 
2 105 7 105 6 
2 105 5 105 4 
2 105 3 105 2 
2 105 1 104 1 
2 104 2 104 3 
2 104 4 104 5 
2 104 6 104 7 
2 104 8 104 9 
2 104 10 104 11 
2 104 12 104 13 
2 104 14 104 15 
2 104 16 104 17 
2 104 18 104 19 
2 104 20 104 21 
2 104 22 104 23 
2 104 24 104 25 
2 104 26 104 27 
2 104 28 104 29 
2 104 30 104 31 
2 104 32 104 33 
2 104 34 104 35 
2 104 36 104 37 
2 104 38 104 39 
2 104 40 104 41 
2 104 42 104 43 
2 104 44 104 45 
2 104 46 104 47 
2 104 48 104 49 
2 104 50 104 51 
2 104 52 104 53 
2 104 54 104 55 
2 104 56 104 57 
2 104 58 104 59 
2 104 60 104 61 
2 104 62 104 63 
2 104 64 104 65 
2 104 66 104 67 
2 104 68 104 69 
2 104 70 104 71 
2 104 72 104 73 
2 104 74 104 75 
2 104 76 104 77 
2 104 78 104 79 
2 104 80 104 81 
2 104 82 104 83 
2 104 84 104 85 
2 104 86 104 87 
2 104 88 104 89 
2 104 90 103 90 
2 103 89 103 88 
2 103 87 103 86 
2 103 85 103 84 
2 103 83 103 82 
2 103 81 103 80 
2 103 79 103 78 
2 103 77 103 76 
2 103 75 103 74 
2 103 73 103 72 
2 103 71 103 70 
2 103 69 103 68 
2 103 67 103 66 
2 103 65 103 64 
2 103 63 103 62 
2 103 61 103 60 
2 103 59 103 58 
2 103 57 103 56 
2 103 55 103 54 
2 103 53 103 52 
2 103 51 103 50 
2 103 49 103 48 
2 103 47 103 46 
2 103 45 103 44 
2 103 43 103 42 
2 103 41 103 40 
2 103 39 103 38 
2 103 37 103 36 
2 103 35 103 34 
2 103 33 103 32 
2 103 31 103 30 
2 103 29 103 28 
2 103 27 103 26 
2 103 25 103 24 
2 103 23 103 22 
2 103 21 103 20 
2 103 19 103 18 
2 103 17 103 16 
2 103 15 103 14 
2 103 13 103 12 
2 103 11 103 10 
2 103 9 103 8 
2 103 7 103 6 
2 103 5 103 4 
2 103 3 103 2 
2 103 1 102 1 
2 102 2 102 3 
2 102 4 102 5 
2 102 6 102 7 
2 102 8 102 9 
2 102 10 102 11 
2 102 12 102 13 
2 102 14 102 15 
2 102 16 102 17 
2 102 18 102 19 
2 102 20 102 21 
2 102 22 102 23 
2 102 24 102 25 
2 102 26 102 27 
2 102 28 102 29 
2 102 30 102 31 
2 102 32 102 33 
2 102 34 102 35 
2 102 36 102 37 
2 102 38 102 39 
2 102 40 102 41 
2 102 42 102 43 
2 102 44 102 45 
2 102 46 102 47 
2 102 48 102 49 
2 102 50 102 51 
2 102 52 102 53 
2 102 54 102 55 
2 102 56 102 57 
2 102 58 102 59 
2 102 60 102 61 
2 102 62 102 63 
2 102 64 102 65 
2 102 66 102 67 
2 102 68 102 69 
2 102 70 102 71 
2 102 72 102 73 
2 102 74 102 75 
2 102 76 102 77 
2 102 78 102 79 
2 102 80 102 81 
2 102 82 102 83 
2 102 84 102 85 
2 102 86 102 87 
2 102 88 102 89 
2 102 90 101 90 
2 101 89 101 88 
2 101 87 101 86 
2 101 85 101 84 
2 101 83 101 82 
2 101 81 101 80 
2 101 79 101 78 
2 101 77 101 76 
2 101 75 101 74 
2 101 73 101 72 
2 101 71 101 70 
2 101 69 101 68 
2 101 67 101 66 
2 101 65 101 64 
2 101 63 101 62 
2 101 61 101 60 
2 101 59 101 58 
2 101 57 101 56 
2 101 55 101 54 
2 101 53 101 52 
2 101 51 101 50 
2 101 49 101 48 
2 101 47 101 46 
2 101 45 101 44 
2 101 43 101 42 
2 101 41 101 40 
2 101 39 101 38 
2 101 37 101 36 
2 101 35 101 34 
2 101 33 101 32 
2 101 31 101 30 
2 101 29 101 28 
2 101 27 101 26 
2 101 25 101 24 
2 101 23 101 22 
2 101 21 101 20 
2 101 19 101 18 
2 101 17 101 16 
2 101 15 101 14 
2 101 13 101 12 
2 101 11 101 10 
2 101 9 101 8 
2 101 7 101 6 
2 101 5 101 4 
2 101 3 101 2 
2 101 1 100 1 
2 100 2 100 3 
2 100 4 100 5 
2 100 6 100 7 
2 100 8 100 9 
2 100 10 100 11 
2 100 12 100 13 
2 100 14 100 15 
2 100 16 100 17 
2 100 18 100 19 
2 100 20 100 21 
2 100 22 100 23 
2 100 24 100 25 
2 100 26 100 27 
2 100 28 100 29 
2 100 30 100 31 
2 100 32 100 33 
2 100 34 100 35 
2 100 36 100 37 
2 100 38 100 39 
2 100 40 100 41 
2 100 42 100 43 
2 100 44 100 45 
2 100 46 100 47 
2 100 48 100 49 
2 100 50 100 51 
2 100 52 100 53 
2 100 54 100 55 
2 100 56 100 57 
2 100 58 100 59 
2 100 60 100 61 
2 100 62 100 63 
2 100 64 100 65 
2 100 66 100 67 
2 100 68 100 69 
2 100 70 100 71 
2 100 72 100 73 
2 100 74 100 75 
2 100 76 100 77 
2 100 78 100 79 
2 100 80 100 81 
2 100 82 100 83 
2 100 84 100 85 
2 100 86 100 87 
2 100 88 100 89 
2 100 90 99 90 
2 99 89 99 88 
2 99 87 99 86 
2 99 85 99 84 
2 99 83 99 82 
2 99 81 99 80 
2 99 79 99 78 
2 99 77 99 76 
2 99 75 99 74 
2 99 73 99 72 
2 99 71 99 70 
2 99 69 99 68 
2 99 67 99 66 
2 99 65 99 64 
2 99 63 99 62 
2 99 61 99 60 
2 99 59 99 58 
2 99 57 99 56 
2 99 55 99 54 
2 99 53 99 52 
2 99 51 99 50 
2 99 49 99 48 
2 99 47 99 46 
2 99 45 99 44 
2 99 43 99 42 
2 99 41 99 40 
2 99 39 99 38 
2 99 37 99 36 
2 99 35 99 34 
2 99 33 99 32 
2 99 31 99 30 
2 99 29 99 28 
2 99 27 99 26 
2 99 25 99 24 
2 99 23 99 22 
2 99 21 99 20 
2 99 19 99 18 
2 99 17 99 16 
2 99 15 99 14 
2 99 13 99 12 
2 99 11 99 10 
2 99 9 99 8 
2 99 7 99 6 
2 99 5 99 4 
2 99 3 99 2 
2 99 1 98 1 
2 98 2 98 3 
2 98 4 98 5 
2 98 6 98 7 
2 98 8 98 9 
2 98 10 98 11 
2 98 12 98 13 
2 98 14 98 15 
2 98 16 98 17 
2 98 18 98 19 
2 98 20 98 21 
2 98 22 98 23 
2 98 24 98 25 
2 98 26 98 27 
2 98 28 98 29 
2 98 30 98 31 
2 98 32 98 33 
2 98 34 98 35 
2 98 36 98 37 
2 98 38 98 39 
2 98 40 98 41 
2 98 42 98 43 
2 98 44 98 45 
2 98 46 98 47 
2 98 48 98 49 
2 98 50 98 51 
2 98 52 98 53 
2 98 54 98 55 
2 98 56 98 57 
2 98 58 98 59 
2 98 60 98 61 
2 98 62 98 63 
2 98 64 98 65 
2 98 66 98 67 
2 98 68 98 69 
2 98 70 98 71 
2 98 72 98 73 
2 98 74 98 75 
2 98 76 98 77 
2 98 78 98 79 
2 98 80 98 81 
2 98 82 98 83 
2 98 84 98 85 
2 98 86 98 87 
2 98 88 98 89 
2 98 90 97 90 
2 97 89 97 88 
2 97 87 97 86 
2 97 85 97 84 
2 97 83 97 82 
2 97 81 97 80 
2 97 79 97 78 
2 97 77 97 76 
2 97 75 97 74 
2 97 73 97 72 
2 97 71 97 70 
2 97 69 97 68 
2 97 67 97 66 
2 97 65 97 64 
2 97 63 97 62 
2 97 61 97 60 
2 97 59 97 58 
2 97 57 97 56 
2 97 55 97 54 
2 97 53 97 52 
2 97 51 97 50 
2 97 49 97 48 
2 97 47 97 46 
2 97 45 97 44 
2 97 43 97 42 
2 97 41 97 40 
2 97 39 97 38 
2 97 37 97 36 
2 97 35 97 34 
2 97 33 97 32 
2 97 31 97 30 
2 97 29 97 28 
2 97 27 97 26 
2 97 25 97 24 
2 97 23 97 22 
2 97 21 97 20 
2 97 19 97 18 
2 97 17 97 16 
2 97 15 97 14 
2 97 13 97 12 
2 97 11 97 10 
2 97 9 97 8 
2 97 7 97 6 
2 97 5 97 4 
2 97 3 97 2 
2 97 1 96 1 
2 96 2 96 3 
2 96 4 96 5 
2 96 6 96 7 
2 96 8 96 9 
2 96 10 96 11 
2 96 12 96 13 
2 96 14 96 15 
2 96 16 96 17 
2 96 18 96 19 
2 96 20 96 21 
2 96 22 96 23 
2 96 24 96 25 
2 96 26 96 27 
2 96 28 96 29 
2 96 30 96 31 
2 96 32 96 33 
2 96 34 96 35 
2 96 36 96 37 
2 96 38 96 39 
2 96 40 96 41 
2 96 42 96 43 
2 96 44 96 45 
2 96 46 96 47 
2 96 48 96 49 
2 96 50 96 51 
2 96 52 96 53 
2 96 54 96 55 
2 96 56 96 57 
2 96 58 96 59 
2 96 60 96 61 
2 96 62 96 63 
2 96 64 96 65 
2 96 66 96 67 
2 96 68 96 69 
2 96 70 96 71 
2 96 72 96 73 
2 96 74 96 75 
2 96 76 96 77 
2 96 78 96 79 
2 96 80 96 81 
2 96 82 96 83 
2 96 84 96 85 
2 96 86 96 87 
2 96 88 96 89 
2 96 90 95 90 
2 95 89 95 88 
2 95 87 95 86 
2 95 85 95 84 
2 95 83 95 82 
2 95 81 95 80 
2 95 79 95 78 
2 95 77 95 76 
2 95 75 95 74 
2 95 73 95 72 
2 95 71 95 70 
2 95 69 95 68 
2 95 67 95 66 
2 95 65 95 64 
2 95 63 95 62 
2 95 61 95 60 
2 95 59 95 58 
2 95 57 95 56 
2 95 55 95 54 
2 95 53 95 52 
2 95 51 95 50 
2 95 49 95 48 
2 95 47 95 46 
2 95 45 95 44 
2 95 43 95 42 
2 95 41 95 40 
2 95 39 95 38 
2 95 37 95 36 
2 95 35 95 34 
2 95 33 95 32 
2 95 31 95 30 
2 95 29 95 28 
2 95 27 95 26 
2 95 25 95 24 
2 95 23 95 22 
2 95 21 95 20 
2 95 19 95 18 
2 95 17 95 16 
2 95 15 95 14 
2 95 13 95 12 
2 95 11 95 10 
2 95 9 95 8 
2 95 7 95 6 
2 95 5 95 4 
2 95 3 95 2 
2 95 1 94 1 
2 94 2 94 3 
2 94 4 94 5 
2 94 6 94 7 
2 94 8 94 9 
2 94 10 94 11 
2 94 12 94 13 
2 94 14 94 15 
2 94 16 94 17 
2 94 18 94 19 
2 94 20 94 21 
2 94 22 94 23 
2 94 24 94 25 
2 94 26 94 27 
2 94 28 94 29 
2 94 30 94 31 
2 94 32 94 33 
2 94 34 94 35 
2 94 36 94 37 
2 94 38 94 39 
2 94 40 94 41 
2 94 42 94 43 
2 94 44 94 45 
2 94 46 94 47 
2 94 48 94 49 
2 94 50 94 51 
2 94 52 94 53 
2 94 54 94 55 
2 94 56 94 57 
2 94 58 94 59 
2 94 60 94 61 
2 94 62 94 63 
2 94 64 94 65 
2 94 66 94 67 
2 94 68 94 69 
2 94 70 94 71 
2 94 72 94 73 
2 94 74 94 75 
2 94 76 94 77 
2 94 78 94 79 
2 94 80 94 81 
2 94 82 94 83 
2 94 84 94 85 
2 94 86 94 87 
2 94 88 94 89 
2 94 90 93 90 
2 93 89 93 88 
2 93 87 93 86 
2 93 85 93 84 
2 93 83 93 82 
2 93 81 93 80 
2 93 79 93 78 
2 93 77 93 76 
2 93 75 93 74 
2 93 73 93 72 
2 93 71 93 70 
2 93 69 93 68 
2 93 67 93 66 
2 93 65 93 64 
2 93 63 93 62 
2 93 61 93 60 
2 93 59 93 58 
2 93 57 93 56 
2 93 55 93 54 
2 93 53 93 52 
2 93 51 93 50 
2 93 49 93 48 
2 93 47 93 46 
2 93 45 93 44 
2 93 43 93 42 
2 93 41 93 40 
2 93 39 93 38 
2 93 37 93 36 
2 93 35 93 34 
2 93 33 93 32 
2 93 31 93 30 
2 93 29 93 28 
2 93 27 93 26 
2 93 25 93 24 
2 93 23 93 22 
2 93 21 93 20 
2 93 19 93 18 
2 93 17 93 16 
2 93 15 93 14 
2 93 13 93 12 
2 93 11 93 10 
2 93 9 93 8 
2 93 7 93 6 
2 93 5 93 4 
2 93 3 93 2 
2 93 1 92 1 
2 92 2 92 3 
2 92 4 92 5 
2 92 6 92 7 
2 92 8 92 9 
2 92 10 92 11 
2 92 12 92 13 
2 92 14 92 15 
2 92 16 92 17 
2 92 18 92 19 
2 92 20 92 21 
2 92 22 92 23 
2 92 24 92 25 
2 92 26 92 27 
2 92 28 92 29 
2 92 30 92 31 
2 92 32 92 33 
2 92 34 92 35 
2 92 36 92 37 
2 92 38 92 39 
2 92 40 92 41 
2 92 42 92 43 
2 92 44 92 45 
2 92 46 92 47 
2 92 48 92 49 
2 92 50 92 51 
2 92 52 92 53 
2 92 54 92 55 
2 92 56 92 57 
2 92 58 92 59 
2 92 60 92 61 
2 92 62 92 63 
2 92 64 92 65 
2 92 66 92 67 
2 92 68 92 69 
2 92 70 92 71 
2 92 72 92 73 
2 92 74 92 75 
2 92 76 92 77 
2 92 78 92 79 
2 92 80 92 81 
2 92 82 92 83 
2 92 84 92 85 
2 92 86 92 87 
2 92 88 92 89 
2 92 90 91 90 
2 91 89 91 88 
2 91 87 91 86 
2 91 85 91 84 
2 91 83 91 82 
2 91 81 91 80 
2 91 79 91 78 
2 91 77 91 76 
2 91 75 91 74 
2 91 73 91 72 
2 91 71 91 70 
2 91 69 91 68 
2 91 67 91 66 
2 91 65 91 64 
2 91 63 91 62 
2 91 61 91 60 
2 91 59 91 58 
2 91 57 91 56 
2 91 55 91 54 
2 91 53 91 52 
2 91 51 91 50 
2 91 49 91 48 
2 91 47 91 46 
2 91 45 91 44 
2 91 43 91 42 
2 91 41 91 40 
2 91 39 91 38 
2 91 37 91 36 
2 91 35 91 34 
2 91 33 91 32 
2 91 31 91 30 
2 91 29 91 28 
2 91 27 91 26 
2 91 25 91 24 
2 91 23 91 22 
2 91 21 91 20 
2 91 19 91 18 
2 91 17 91 16 
2 91 15 91 14 
2 91 13 91 12 
2 91 11 91 10 
2 91 9 91 8 
2 91 7 91 6 
2 91 5 91 4 
2 91 3 91 2 
2 91 1 90 1 
2 90 2 90 3 
2 90 4 90 5 
2 90 6 90 7 
2 90 8 90 9 
2 90 10 90 11 
2 90 12 90 13 
2 90 14 90 15 
2 90 16 90 17 
2 90 18 90 19 
2 90 20 90 21 
2 90 22 90 23 
2 90 24 90 25 
2 90 26 90 27 
2 90 28 90 29 
2 90 30 90 31 
2 90 32 90 33 
2 90 34 90 35 
2 90 36 90 37 
2 90 38 90 39 
2 90 40 90 41 
2 90 42 90 43 
2 90 44 90 45 
2 90 46 90 47 
2 90 48 90 49 
2 90 50 90 51 
2 90 52 90 53 
2 90 54 90 55 
2 90 56 90 57 
2 90 58 90 59 
2 90 60 90 61 
2 90 62 90 63 
2 90 64 90 65 
2 90 66 90 67 
2 90 68 90 69 
2 90 70 90 71 
2 90 72 90 73 
2 90 74 90 75 
2 90 76 90 77 
2 90 78 90 79 
2 90 80 90 81 
2 90 82 90 83 
2 90 84 90 85 
2 90 86 90 87 
2 90 88 90 89 
2 90 90 89 90 
2 89 89 89 88 
2 89 87 89 86 
2 89 85 89 84 
2 89 83 89 82 
2 89 81 89 80 
2 89 79 89 78 
2 89 77 89 76 
2 89 75 89 74 
2 89 73 89 72 
2 89 71 89 70 
2 89 69 89 68 
2 89 67 89 66 
2 89 65 89 64 
2 89 63 89 62 
2 89 61 89 60 
2 89 59 89 58 
2 89 57 89 56 
2 89 55 89 54 
2 89 53 89 52 
2 89 51 89 50 
2 89 49 89 48 
2 89 47 89 46 
2 89 45 89 44 
2 89 43 89 42 
2 89 41 89 40 
2 89 39 89 38 
2 89 37 89 36 
2 89 35 89 34 
2 89 33 89 32 
2 89 31 89 30 
2 89 29 89 28 
2 89 27 89 26 
2 89 25 89 24 
2 89 23 89 22 
2 89 21 89 20 
2 89 19 89 18 
2 89 17 89 16 
2 89 15 89 14 
2 89 13 89 12 
2 89 11 89 10 
2 89 9 89 8 
2 89 7 89 6 
2 89 5 89 4 
2 89 3 89 2 
2 89 1 88 1 
2 88 2 88 3 
2 88 4 88 5 
2 88 6 88 7 
2 88 8 88 9 
2 88 10 88 11 
2 88 12 88 13 
2 88 14 88 15 
2 88 16 88 17 
2 88 18 88 19 
2 88 20 88 21 
2 88 22 88 23 
2 88 24 88 25 
2 88 26 88 27 
2 88 28 88 29 
2 88 30 88 31 
2 88 32 88 33 
2 88 34 88 35 
2 88 36 88 37 
2 88 38 88 39 
2 88 40 88 41 
2 88 42 88 43 
2 88 44 88 45 
2 88 46 88 47 
2 88 48 88 49 
2 88 50 88 51 
2 88 52 88 53 
2 88 54 88 55 
2 88 56 88 57 
2 88 58 88 59 
2 88 60 88 61 
2 88 62 88 63 
2 88 64 88 65 
2 88 66 88 67 
2 88 68 88 69 
2 88 70 88 71 
2 88 72 88 73 
2 88 74 88 75 
2 88 76 88 77 
2 88 78 88 79 
2 88 80 88 81 
2 88 82 88 83 
2 88 84 88 85 
2 88 86 88 87 
2 88 88 88 89 
2 88 90 87 90 
2 87 89 87 88 
2 87 87 87 86 
2 87 85 87 84 
2 87 83 87 82 
2 87 81 87 80 
2 87 79 87 78 
2 87 77 87 76 
2 87 75 87 74 
2 87 73 87 72 
2 87 71 87 70 
2 87 69 87 68 
2 87 67 87 66 
2 87 65 87 64 
2 87 63 87 62 
2 87 61 87 60 
2 87 59 87 58 
2 87 57 87 56 
2 87 55 87 54 
2 87 53 87 52 
2 87 51 87 50 
2 87 49 87 48 
2 87 47 87 46 
2 87 45 87 44 
2 87 43 87 42 
2 87 41 87 40 
2 87 39 87 38 
2 87 37 87 36 
2 87 35 87 34 
2 87 33 87 32 
2 87 31 87 30 
2 87 29 87 28 
2 87 27 87 26 
2 87 25 87 24 
2 87 23 87 22 
2 87 21 87 20 
2 87 19 87 18 
2 87 17 87 16 
2 87 15 87 14 
2 87 13 87 12 
2 87 11 87 10 
2 87 9 87 8 
2 87 7 87 6 
2 87 5 87 4 
2 87 3 87 2 
2 87 1 86 1 
2 86 2 86 3 
2 86 4 86 5 
2 86 6 86 7 
2 86 8 86 9 
2 86 10 86 11 
2 86 12 86 13 
2 86 14 86 15 
2 86 16 86 17 
2 86 18 86 19 
2 86 20 86 21 
2 86 22 86 23 
2 86 24 86 25 
2 86 26 86 27 
2 86 28 86 29 
2 86 30 86 31 
2 86 32 86 33 
2 86 34 86 35 
2 86 36 86 37 
2 86 38 86 39 
2 86 40 86 41 
2 86 42 86 43 
2 86 44 86 45 
2 86 46 86 47 
2 86 48 86 49 
2 86 50 86 51 
2 86 52 86 53 
2 86 54 86 55 
2 86 56 86 57 
2 86 58 86 59 
2 86 60 86 61 
2 86 62 86 63 
2 86 64 86 65 
2 86 66 86 67 
2 86 68 86 69 
2 86 70 86 71 
2 86 72 86 73 
2 86 74 86 75 
2 86 76 86 77 
2 86 78 86 79 
2 86 80 86 81 
2 86 82 86 83 
2 86 84 86 85 
2 86 86 86 87 
2 86 88 86 89 
2 86 90 85 90 
2 85 89 85 88 
2 85 87 85 86 
2 85 85 85 84 
2 85 83 85 82 
2 85 81 85 80 
2 85 79 85 78 
2 85 77 85 76 
2 85 75 85 74 
2 85 73 85 72 
2 85 71 85 70 
2 85 69 85 68 
2 85 67 85 66 
2 85 65 85 64 
2 85 63 85 62 
2 85 61 85 60 
2 85 59 85 58 
2 85 57 85 56 
2 85 55 85 54 
2 85 53 85 52 
2 85 51 85 50 
2 85 49 85 48 
2 85 47 85 46 
2 85 45 85 44 
2 85 43 85 42 
2 85 41 85 40 
2 85 39 85 38 
2 85 37 85 36 
2 85 35 85 34 
2 85 33 85 32 
2 85 31 85 30 
2 85 29 85 28 
2 85 27 85 26 
2 85 25 85 24 
2 85 23 85 22 
2 85 21 85 20 
2 85 19 85 18 
2 85 17 85 16 
2 85 15 85 14 
2 85 13 85 12 
2 85 11 85 10 
2 85 9 85 8 
2 85 7 85 6 
2 85 5 85 4 
2 85 3 85 2 
2 85 1 84 1 
2 84 2 84 3 
2 84 4 84 5 
2 84 6 84 7 
2 84 8 84 9 
2 84 10 84 11 
2 84 12 84 13 
2 84 14 84 15 
2 84 16 84 17 
2 84 18 84 19 
2 84 20 84 21 
2 84 22 84 23 
2 84 24 84 25 
2 84 26 84 27 
2 84 28 84 29 
2 84 30 84 31 
2 84 32 84 33 
2 84 34 84 35 
2 84 36 84 37 
2 84 38 84 39 
2 84 40 84 41 
2 84 42 84 43 
2 84 44 84 45 
2 84 46 84 47 
2 84 48 84 49 
2 84 50 84 51 
2 84 52 84 53 
2 84 54 84 55 
2 84 56 84 57 
2 84 58 84 59 
2 84 60 84 61 
2 84 62 84 63 
2 84 64 84 65 
2 84 66 84 67 
2 84 68 84 69 
2 84 70 84 71 
2 84 72 84 73 
2 84 74 84 75 
2 84 76 84 77 
2 84 78 84 79 
2 84 80 84 81 
2 84 82 84 83 
2 84 84 84 85 
2 84 86 84 87 
2 84 88 84 89 
2 84 90 83 90 
2 83 89 83 88 
2 83 87 83 86 
2 83 85 83 84 
2 83 83 83 82 
2 83 81 83 80 
2 83 79 83 78 
2 83 77 83 76 
2 83 75 83 74 
2 83 73 83 72 
2 83 71 83 70 
2 83 69 83 68 
2 83 67 83 66 
2 83 65 83 64 
2 83 63 83 62 
2 83 61 83 60 
2 83 59 83 58 
2 83 57 83 56 
2 83 55 83 54 
2 83 53 83 52 
2 83 51 83 50 
2 83 49 83 48 
2 83 47 83 46 
2 83 45 83 44 
2 83 43 83 42 
2 83 41 83 40 
2 83 39 83 38 
2 83 37 83 36 
2 83 35 83 34 
2 83 33 83 32 
2 83 31 83 30 
2 83 29 83 28 
2 83 27 83 26 
2 83 25 83 24 
2 83 23 83 22 
2 83 21 83 20 
2 83 19 83 18 
2 83 17 83 16 
2 83 15 83 14 
2 83 13 83 12 
2 83 11 83 10 
2 83 9 83 8 
2 83 7 83 6 
2 83 5 83 4 
2 83 3 83 2 
2 83 1 82 1 
2 82 2 82 3 
2 82 4 82 5 
2 82 6 82 7 
2 82 8 82 9 
2 82 10 82 11 
2 82 12 82 13 
2 82 14 82 15 
2 82 16 82 17 
2 82 18 82 19 
2 82 20 82 21 
2 82 22 82 23 
2 82 24 82 25 
2 82 26 82 27 
2 82 28 82 29 
2 82 30 82 31 
2 82 32 82 33 
2 82 34 82 35 
2 82 36 82 37 
2 82 38 82 39 
2 82 40 82 41 
2 82 42 82 43 
2 82 44 82 45 
2 82 46 82 47 
2 82 48 82 49 
2 82 50 82 51 
2 82 52 82 53 
2 82 54 82 55 
2 82 56 82 57 
2 82 58 82 59 
2 82 60 82 61 
2 82 62 82 63 
2 82 64 82 65 
2 82 66 82 67 
2 82 68 82 69 
2 82 70 82 71 
2 82 72 82 73 
2 82 74 82 75 
2 82 76 82 77 
2 82 78 82 79 
2 82 80 82 81 
2 82 82 82 83 
2 82 84 82 85 
2 82 86 82 87 
2 82 88 82 89 
2 82 90 81 90 
2 81 89 81 88 
2 81 87 81 86 
2 81 85 81 84 
2 81 83 81 82 
2 81 81 81 80 
2 81 79 81 78 
2 81 77 81 76 
2 81 75 81 74 
2 81 73 81 72 
2 81 71 81 70 
2 81 69 81 68 
2 81 67 81 66 
2 81 65 81 64 
2 81 63 81 62 
2 81 61 81 60 
2 81 59 81 58 
2 81 57 81 56 
2 81 55 81 54 
2 81 53 81 52 
2 81 51 81 50 
2 81 49 81 48 
2 81 47 81 46 
2 81 45 81 44 
2 81 43 81 42 
2 81 41 81 40 
2 81 39 81 38 
2 81 37 81 36 
2 81 35 81 34 
2 81 33 81 32 
2 81 31 81 30 
2 81 29 81 28 
2 81 27 81 26 
2 81 25 81 24 
2 81 23 81 22 
2 81 21 81 20 
2 81 19 81 18 
2 81 17 81 16 
2 81 15 81 14 
2 81 13 81 12 
2 81 11 81 10 
2 81 9 81 8 
2 81 7 81 6 
2 81 5 81 4 
2 81 3 81 2 
2 81 1 80 1 
2 80 2 80 3 
2 80 4 80 5 
2 80 6 80 7 
2 80 8 80 9 
2 80 10 80 11 
2 80 12 80 13 
2 80 14 80 15 
2 80 16 80 17 
2 80 18 80 19 
2 80 20 80 21 
2 80 22 80 23 
2 80 24 80 25 
2 80 26 80 27 
2 80 28 80 29 
2 80 30 80 31 
2 80 32 80 33 
2 80 34 80 35 
2 80 36 80 37 
2 80 38 80 39 
2 80 40 80 41 
2 80 42 80 43 
2 80 44 80 45 
2 80 46 80 47 
2 80 48 80 49 
2 80 50 80 51 
2 80 52 80 53 
2 80 54 80 55 
2 80 56 80 57 
2 80 58 80 59 
2 80 60 80 61 
2 80 62 80 63 
2 80 64 80 65 
2 80 66 80 67 
2 80 68 80 69 
2 80 70 80 71 
2 80 72 80 73 
2 80 74 80 75 
2 80 76 80 77 
2 80 78 80 79 
2 80 80 80 81 
2 80 82 80 83 
2 80 84 80 85 
2 80 86 80 87 
2 80 88 80 89 
2 80 90 79 90 
2 79 89 79 88 
2 79 87 79 86 
2 79 85 79 84 
2 79 83 79 82 
2 79 81 79 80 
2 79 79 79 78 
2 79 77 79 76 
2 79 75 79 74 
2 79 73 79 72 
2 79 71 79 70 
2 79 69 79 68 
2 79 67 79 66 
2 79 65 79 64 
2 79 63 79 62 
2 79 61 79 60 
2 79 59 79 58 
2 79 57 79 56 
2 79 55 79 54 
2 79 53 79 52 
2 79 51 79 50 
2 79 49 79 48 
2 79 47 79 46 
2 79 45 79 44 
2 79 43 79 42 
2 79 41 79 40 
2 79 39 79 38 
2 79 37 79 36 
2 79 35 79 34 
2 79 33 79 32 
2 79 31 79 30 
2 79 29 79 28 
2 79 27 79 26 
2 79 25 79 24 
2 79 23 79 22 
2 79 21 79 20 
2 79 19 79 18 
2 79 17 79 16 
2 79 15 79 14 
2 79 13 79 12 
2 79 11 79 10 
2 79 9 79 8 
2 79 7 79 6 
2 79 5 79 4 
2 79 3 79 2 
2 79 1 78 1 
2 78 2 78 3 
2 78 4 78 5 
2 78 6 78 7 
2 78 8 78 9 
2 78 10 78 11 
2 78 12 78 13 
2 78 14 78 15 
2 78 16 78 17 
2 78 18 78 19 
2 78 20 78 21 
2 78 22 78 23 
2 78 24 78 25 
2 78 26 78 27 
2 78 28 78 29 
2 78 30 78 31 
2 78 32 78 33 
2 78 34 78 35 
2 78 36 78 37 
2 78 38 78 39 
2 78 40 78 41 
2 78 42 78 43 
2 78 44 78 45 
2 78 46 78 47 
2 78 48 78 49 
2 78 50 78 51 
2 78 52 78 53 
2 78 54 78 55 
2 78 56 78 57 
2 78 58 78 59 
2 78 60 78 61 
2 78 62 78 63 
2 78 64 78 65 
2 78 66 78 67 
2 78 68 78 69 
2 78 70 78 71 
2 78 72 78 73 
2 78 74 78 75 
2 78 76 78 77 
2 78 78 78 79 
2 78 80 78 81 
2 78 82 78 83 
2 78 84 78 85 
2 78 86 78 87 
2 78 88 78 89 
2 78 90 77 90 
2 77 89 77 88 
2 77 87 77 86 
2 77 85 77 84 
2 77 83 77 82 
2 77 81 77 80 
2 77 79 77 78 
2 77 77 77 76 
2 77 75 77 74 
2 77 73 77 72 
2 77 71 77 70 
2 77 69 77 68 
2 77 67 77 66 
2 77 65 77 64 
2 77 63 77 62 
2 77 61 77 60 
2 77 59 77 58 
2 77 57 77 56 
2 77 55 77 54 
2 77 53 77 52 
2 77 51 77 50 
2 77 49 77 48 
2 77 47 77 46 
2 77 45 77 44 
2 77 43 77 42 
2 77 41 77 40 
2 77 39 77 38 
2 77 37 77 36 
2 77 35 77 34 
2 77 33 77 32 
2 77 31 77 30 
2 77 29 77 28 
2 77 27 77 26 
2 77 25 77 24 
2 77 23 77 22 
2 77 21 77 20 
2 77 19 77 18 
2 77 17 77 16 
2 77 15 77 14 
2 77 13 77 12 
2 77 11 77 10 
2 77 9 77 8 
2 77 7 77 6 
2 77 5 77 4 
2 77 3 77 2 
2 77 1 76 1 
2 76 2 76 3 
2 76 4 76 5 
2 76 6 76 7 
2 76 8 76 9 
2 76 10 76 11 
2 76 12 76 13 
2 76 14 76 15 
2 76 16 76 17 
2 76 18 76 19 
2 76 20 76 21 
2 76 22 76 23 
2 76 24 76 25 
2 76 26 76 27 
2 76 28 76 29 
2 76 30 76 31 
2 76 32 76 33 
2 76 34 76 35 
2 76 36 76 37 
2 76 38 76 39 
2 76 40 76 41 
2 76 42 76 43 
2 76 44 76 45 
2 76 46 76 47 
2 76 48 76 49 
2 76 50 76 51 
2 76 52 76 53 
2 76 54 76 55 
2 76 56 76 57 
2 76 58 76 59 
2 76 60 76 61 
2 76 62 76 63 
2 76 64 76 65 
2 76 66 76 67 
2 76 68 76 69 
2 76 70 76 71 
2 76 72 76 73 
2 76 74 76 75 
2 76 76 76 77 
2 76 78 76 79 
2 76 80 76 81 
2 76 82 76 83 
2 76 84 76 85 
2 76 86 76 87 
2 76 88 76 89 
2 76 90 75 90 
2 75 89 75 88 
2 75 87 75 86 
2 75 85 75 84 
2 75 83 75 82 
2 75 81 75 80 
2 75 79 75 78 
2 75 77 75 76 
2 75 75 75 74 
2 75 73 75 72 
2 75 71 75 70 
2 75 69 75 68 
2 75 67 75 66 
2 75 65 75 64 
2 75 63 75 62 
2 75 61 75 60 
2 75 59 75 58 
2 75 57 75 56 
2 75 55 75 54 
2 75 53 75 52 
2 75 51 75 50 
2 75 49 75 48 
2 75 47 75 46 
2 75 45 75 44 
2 75 43 75 42 
2 75 41 75 40 
2 75 39 75 38 
2 75 37 75 36 
2 75 35 75 34 
2 75 33 75 32 
2 75 31 75 30 
2 75 29 75 28 
2 75 27 75 26 
2 75 25 75 24 
2 75 23 75 22 
2 75 21 75 20 
2 75 19 75 18 
2 75 17 75 16 
2 75 15 75 14 
2 75 13 75 12 
2 75 11 75 10 
2 75 9 75 8 
2 75 7 75 6 
2 75 5 75 4 
2 75 3 75 2 
2 75 1 74 1 
2 74 2 74 3 
2 74 4 74 5 
2 74 6 74 7 
2 74 8 74 9 
2 74 10 74 11 
2 74 12 74 13 
2 74 14 74 15 
2 74 16 74 17 
2 74 18 74 19 
2 74 20 74 21 
2 74 22 74 23 
2 74 24 74 25 
2 74 26 74 27 
2 74 28 74 29 
2 74 30 74 31 
2 74 32 74 33 
2 74 34 74 35 
2 74 36 74 37 
2 74 38 74 39 
2 74 40 74 41 
2 74 42 74 43 
2 74 44 74 45 
2 74 46 74 47 
2 74 48 74 49 
2 74 50 74 51 
2 74 52 74 53 
2 74 54 74 55 
2 74 56 74 57 
2 74 58 74 59 
2 74 60 74 61 
2 74 62 74 63 
2 74 64 74 65 
2 74 66 74 67 
2 74 68 74 69 
2 74 70 74 71 
2 74 72 74 73 
2 74 74 74 75 
2 74 76 74 77 
2 74 78 74 79 
2 74 80 74 81 
2 74 82 74 83 
2 74 84 74 85 
2 74 86 74 87 
2 74 88 74 89 
2 74 90 73 90 
2 73 89 73 88 
2 73 87 73 86 
2 73 85 73 84 
2 73 83 73 82 
2 73 81 73 80 
2 73 79 73 78 
2 73 77 73 76 
2 73 75 73 74 
2 73 73 73 72 
2 73 71 73 70 
2 73 69 73 68 
2 73 67 73 66 
2 73 65 73 64 
2 73 63 73 62 
2 73 61 73 60 
2 73 59 73 58 
2 73 57 73 56 
2 73 55 73 54 
2 73 53 73 52 
2 73 51 73 50 
2 73 49 73 48 
2 73 47 73 46 
2 73 45 73 44 
2 73 43 73 42 
2 73 41 73 40 
2 73 39 73 38 
2 73 37 73 36 
2 73 35 73 34 
2 73 33 73 32 
2 73 31 73 30 
2 73 29 73 28 
2 73 27 73 26 
2 73 25 73 24 
2 73 23 73 22 
2 73 21 73 20 
2 73 19 73 18 
2 73 17 73 16 
2 73 15 73 14 
2 73 13 73 12 
2 73 11 73 10 
2 73 9 73 8 
2 73 7 73 6 
2 73 5 73 4 
2 73 3 73 2 
2 73 1 72 1 
2 72 2 72 3 
2 72 4 72 5 
2 72 6 72 7 
2 72 8 72 9 
2 72 10 72 11 
2 72 12 72 13 
2 72 14 72 15 
2 72 16 72 17 
2 72 18 72 19 
2 72 20 72 21 
2 72 22 72 23 
2 72 24 72 25 
2 72 26 72 27 
2 72 28 72 29 
2 72 30 72 31 
2 72 32 72 33 
2 72 34 72 35 
2 72 36 72 37 
2 72 38 72 39 
2 72 40 72 41 
2 72 42 72 43 
2 72 44 72 45 
2 72 46 72 47 
2 72 48 72 49 
2 72 50 72 51 
2 72 52 72 53 
2 72 54 72 55 
2 72 56 72 57 
2 72 58 72 59 
2 72 60 72 61 
2 72 62 72 63 
2 72 64 72 65 
2 72 66 72 67 
2 72 68 72 69 
2 72 70 72 71 
2 72 72 72 73 
2 72 74 72 75 
2 72 76 72 77 
2 72 78 72 79 
2 72 80 72 81 
2 72 82 72 83 
2 72 84 72 85 
2 72 86 72 87 
2 72 88 72 89 
2 72 90 71 90 
2 71 89 71 88 
2 71 87 71 86 
2 71 85 71 84 
2 71 83 71 82 
2 71 81 71 80 
2 71 79 71 78 
2 71 77 71 76 
2 71 75 71 74 
2 71 73 71 72 
2 71 71 71 70 
2 71 69 71 68 
2 71 67 71 66 
2 71 65 71 64 
2 71 63 71 62 
2 71 61 71 60 
2 71 59 71 58 
2 71 57 71 56 
2 71 55 71 54 
2 71 53 71 52 
2 71 51 71 50 
2 71 49 71 48 
2 71 47 71 46 
2 71 45 71 44 
2 71 43 71 42 
2 71 41 71 40 
2 71 39 71 38 
2 71 37 71 36 
2 71 35 71 34 
2 71 33 71 32 
2 71 31 71 30 
2 71 29 71 28 
2 71 27 71 26 
2 71 25 71 24 
2 71 23 71 22 
2 71 21 71 20 
2 71 19 71 18 
2 71 17 71 16 
2 71 15 71 14 
2 71 13 71 12 
2 71 11 71 10 
2 71 9 71 8 
2 71 7 71 6 
2 71 5 71 4 
2 71 3 71 2 
2 71 1 70 1 
2 70 2 70 3 
2 70 4 70 5 
2 70 6 70 7 
2 70 8 70 9 
2 70 10 70 11 
2 70 12 70 13 
2 70 14 70 15 
2 70 16 70 17 
2 70 18 70 19 
2 70 20 70 21 
2 70 22 70 23 
2 70 24 70 25 
2 70 26 70 27 
2 70 28 70 29 
2 70 30 70 31 
2 70 32 70 33 
2 70 34 70 35 
2 70 36 70 37 
2 70 38 70 39 
2 70 40 70 41 
2 70 42 70 43 
2 70 44 70 45 
2 70 46 70 47 
2 70 48 70 49 
2 70 50 70 51 
2 70 52 70 53 
2 70 54 70 55 
2 70 56 70 57 
2 70 58 70 59 
2 70 60 70 61 
2 70 62 70 63 
2 70 64 70 65 
2 70 66 70 67 
2 70 68 70 69 
2 70 70 70 71 
2 70 72 70 73 
2 70 74 70 75 
2 70 76 70 77 
2 70 78 70 79 
2 70 80 70 81 
2 70 82 70 83 
2 70 84 70 85 
2 70 86 70 87 
2 70 88 70 89 
2 70 90 69 90 
2 69 89 69 88 
2 69 87 69 86 
2 69 85 69 84 
2 69 83 69 82 
2 69 81 69 80 
2 69 79 69 78 
2 69 77 69 76 
2 69 75 69 74 
2 69 73 69 72 
2 69 71 69 70 
2 69 69 69 68 
2 69 67 69 66 
2 69 65 69 64 
2 69 63 69 62 
2 69 61 69 60 
2 69 59 69 58 
2 69 57 69 56 
2 69 55 69 54 
2 69 53 69 52 
2 69 51 69 50 
2 69 49 69 48 
2 69 47 69 46 
2 69 45 69 44 
2 69 43 69 42 
2 69 41 69 40 
2 69 39 69 38 
2 69 37 69 36 
2 69 35 69 34 
2 69 33 69 32 
2 69 31 69 30 
2 69 29 69 28 
2 69 27 69 26 
2 69 25 69 24 
2 69 23 69 22 
2 69 21 69 20 
2 69 19 69 18 
2 69 17 69 16 
2 69 15 69 14 
2 69 13 69 12 
2 69 11 69 10 
2 69 9 69 8 
2 69 7 69 6 
2 69 5 69 4 
2 69 3 69 2 
2 69 1 68 1 
2 68 2 68 3 
2 68 4 68 5 
2 68 6 68 7 
2 68 8 68 9 
2 68 10 68 11 
2 68 12 68 13 
2 68 14 68 15 
2 68 16 68 17 
2 68 18 68 19 
2 68 20 68 21 
2 68 22 68 23 
2 68 24 68 25 
2 68 26 68 27 
2 68 28 68 29 
2 68 30 68 31 
2 68 32 68 33 
2 68 34 68 35 
2 68 36 68 37 
2 68 38 68 39 
2 68 40 68 41 
2 68 42 68 43 
2 68 44 68 45 
2 68 46 68 47 
2 68 48 68 49 
2 68 50 68 51 
2 68 52 68 53 
2 68 54 68 55 
2 68 56 68 57 
2 68 58 68 59 
2 68 60 68 61 
2 68 62 68 63 
2 68 64 68 65 
2 68 66 68 67 
2 68 68 68 69 
2 68 70 68 71 
2 68 72 68 73 
2 68 74 68 75 
2 68 76 68 77 
2 68 78 68 79 
2 68 80 68 81 
2 68 82 68 83 
2 68 84 68 85 
2 68 86 68 87 
2 68 88 68 89 
2 68 90 67 90 
2 67 89 67 88 
2 67 87 67 86 
2 67 85 67 84 
2 67 83 67 82 
2 67 81 67 80 
2 67 79 67 78 
2 67 77 67 76 
2 67 75 67 74 
2 67 73 67 72 
2 67 71 67 70 
2 67 69 67 68 
2 67 67 67 66 
2 67 65 67 64 
2 67 63 67 62 
2 67 61 67 60 
2 67 59 67 58 
2 67 57 67 56 
2 67 55 67 54 
2 67 53 67 52 
2 67 51 67 50 
2 67 49 67 48 
2 67 47 67 46 
2 67 45 67 44 
2 67 43 67 42 
2 67 41 67 40 
2 67 39 67 38 
2 67 37 67 36 
2 67 35 67 34 
2 67 33 67 32 
2 67 31 67 30 
2 67 29 67 28 
2 67 27 67 26 
2 67 25 67 24 
2 67 23 67 22 
2 67 21 67 20 
2 67 19 67 18 
2 67 17 67 16 
2 67 15 67 14 
2 67 13 67 12 
2 67 11 67 10 
2 67 9 67 8 
2 67 7 67 6 
2 67 5 67 4 
2 67 3 67 2 
2 67 1 66 1 
2 66 2 66 3 
2 66 4 66 5 
2 66 6 66 7 
2 66 8 66 9 
2 66 10 66 11 
2 66 12 66 13 
2 66 14 66 15 
2 66 16 66 17 
2 66 18 66 19 
2 66 20 66 21 
2 66 22 66 23 
2 66 24 66 25 
2 66 26 66 27 
2 66 28 66 29 
2 66 30 66 31 
2 66 32 66 33 
2 66 34 66 35 
2 66 36 66 37 
2 66 38 66 39 
2 66 40 66 41 
2 66 42 66 43 
2 66 44 66 45 
2 66 46 66 47 
2 66 48 66 49 
2 66 50 66 51 
2 66 52 66 53 
2 66 54 66 55 
2 66 56 66 57 
2 66 58 66 59 
2 66 60 66 61 
2 66 62 66 63 
2 66 64 66 65 
2 66 66 66 67 
2 66 68 66 69 
2 66 70 66 71 
2 66 72 66 73 
2 66 74 66 75 
2 66 76 66 77 
2 66 78 66 79 
2 66 80 66 81 
2 66 82 66 83 
2 66 84 66 85 
2 66 86 66 87 
2 66 88 66 89 
2 66 90 65 90 
2 65 89 65 88 
2 65 87 65 86 
2 65 85 65 84 
2 65 83 65 82 
2 65 81 65 80 
2 65 79 65 78 
2 65 77 65 76 
2 65 75 65 74 
2 65 73 65 72 
2 65 71 65 70 
2 65 69 65 68 
2 65 67 65 66 
2 65 65 65 64 
2 65 63 65 62 
2 65 61 65 60 
2 65 59 65 58 
2 65 57 65 56 
2 65 55 65 54 
2 65 53 65 52 
2 65 51 65 50 
2 65 49 65 48 
2 65 47 65 46 
2 65 45 65 44 
2 65 43 65 42 
2 65 41 65 40 
2 65 39 65 38 
2 65 37 65 36 
2 65 35 65 34 
2 65 33 65 32 
2 65 31 65 30 
2 65 29 65 28 
2 65 27 65 26 
2 65 25 65 24 
2 65 23 65 22 
2 65 21 65 20 
2 65 19 65 18 
2 65 17 65 16 
2 65 15 65 14 
2 65 13 65 12 
2 65 11 65 10 
2 65 9 65 8 
2 65 7 65 6 
2 65 5 65 4 
2 65 3 65 2 
2 65 1 64 1 
2 64 2 64 3 
2 64 4 64 5 
2 64 6 64 7 
2 64 8 64 9 
2 64 10 64 11 
2 64 12 64 13 
2 64 14 64 15 
2 64 16 64 17 
2 64 18 64 19 
2 64 20 64 21 
2 64 22 64 23 
2 64 24 64 25 
2 64 26 64 27 
2 64 28 64 29 
2 64 30 64 31 
2 64 32 64 33 
2 64 34 64 35 
2 64 36 64 37 
2 64 38 64 39 
2 64 40 64 41 
2 64 42 64 43 
2 64 44 64 45 
2 64 46 64 47 
2 64 48 64 49 
2 64 50 64 51 
2 64 52 64 53 
2 64 54 64 55 
2 64 56 64 57 
2 64 58 64 59 
2 64 60 64 61 
2 64 62 64 63 
2 64 64 64 65 
2 64 66 64 67 
2 64 68 64 69 
2 64 70 64 71 
2 64 72 64 73 
2 64 74 64 75 
2 64 76 64 77 
2 64 78 64 79 
2 64 80 64 81 
2 64 82 64 83 
2 64 84 64 85 
2 64 86 64 87 
2 64 88 64 89 
2 64 90 63 90 
2 63 89 63 88 
2 63 87 63 86 
2 63 85 63 84 
2 63 83 63 82 
2 63 81 63 80 
2 63 79 63 78 
2 63 77 63 76 
2 63 75 63 74 
2 63 73 63 72 
2 63 71 63 70 
2 63 69 63 68 
2 63 67 63 66 
2 63 65 63 64 
2 63 63 63 62 
2 63 61 63 60 
2 63 59 63 58 
2 63 57 63 56 
2 63 55 63 54 
2 63 53 63 52 
2 63 51 63 50 
2 63 49 63 48 
2 63 47 63 46 
2 63 45 63 44 
2 63 43 63 42 
2 63 41 63 40 
2 63 39 63 38 
2 63 37 63 36 
2 63 35 63 34 
2 63 33 63 32 
2 63 31 63 30 
2 63 29 63 28 
2 63 27 63 26 
2 63 25 63 24 
2 63 23 63 22 
2 63 21 63 20 
2 63 19 63 18 
2 63 17 63 16 
2 63 15 63 14 
2 63 13 63 12 
2 63 11 63 10 
2 63 9 63 8 
2 63 7 63 6 
2 63 5 63 4 
2 63 3 63 2 
2 63 1 62 1 
2 62 2 62 3 
2 62 4 62 5 
2 62 6 62 7 
2 62 8 62 9 
2 62 10 62 11 
2 62 12 62 13 
2 62 14 62 15 
2 62 16 62 17 
2 62 18 62 19 
2 62 20 62 21 
2 62 22 62 23 
2 62 24 62 25 
2 62 26 62 27 
2 62 28 62 29 
2 62 30 62 31 
2 62 32 62 33 
2 62 34 62 35 
2 62 36 62 37 
2 62 38 62 39 
2 62 40 62 41 
2 62 42 62 43 
2 62 44 62 45 
2 62 46 62 47 
2 62 48 62 49 
2 62 50 62 51 
2 62 52 62 53 
2 62 54 62 55 
2 62 56 62 57 
2 62 58 62 59 
2 62 60 62 61 
2 62 62 62 63 
2 62 64 62 65 
2 62 66 62 67 
2 62 68 62 69 
2 62 70 62 71 
2 62 72 62 73 
2 62 74 62 75 
2 62 76 62 77 
2 62 78 62 79 
2 62 80 62 81 
2 62 82 62 83 
2 62 84 62 85 
2 62 86 62 87 
2 62 88 62 89 
2 62 90 61 90 
2 61 89 61 88 
2 61 87 61 86 
2 61 85 61 84 
2 61 83 61 82 
2 61 81 61 80 
2 61 79 61 78 
2 61 77 61 76 
2 61 75 61 74 
2 61 73 61 72 
2 61 71 61 70 
2 61 69 61 68 
2 61 67 61 66 
2 61 65 61 64 
2 61 63 61 62 
2 61 61 61 60 
2 61 59 61 58 
2 61 57 61 56 
2 61 55 61 54 
2 61 53 61 52 
2 61 51 61 50 
2 61 49 61 48 
2 61 47 61 46 
2 61 45 61 44 
2 61 43 61 42 
2 61 41 61 40 
2 61 39 61 38 
2 61 37 61 36 
2 61 35 61 34 
2 61 33 61 32 
2 61 31 61 30 
2 61 29 61 28 
2 61 27 61 26 
2 61 25 61 24 
2 61 23 61 22 
2 61 21 61 20 
2 61 19 61 18 
2 61 17 61 16 
2 61 15 61 14 
2 61 13 61 12 
2 61 11 61 10 
2 61 9 61 8 
2 61 7 61 6 
2 61 5 61 4 
2 61 3 61 2 
2 61 1 60 1 
2 60 2 60 3 
2 60 4 60 5 
2 60 6 60 7 
2 60 8 60 9 
2 60 10 60 11 
2 60 12 60 13 
2 60 14 60 15 
2 60 16 60 17 
2 60 18 60 19 
2 60 20 60 21 
2 60 22 60 23 
2 60 24 60 25 
2 60 26 60 27 
2 60 28 60 29 
2 60 30 60 31 
2 60 32 60 33 
2 60 34 60 35 
2 60 36 60 37 
2 60 38 60 39 
2 60 40 60 41 
2 60 42 60 43 
2 60 44 60 45 
2 60 46 60 47 
2 60 48 60 49 
2 60 50 60 51 
2 60 52 60 53 
2 60 54 60 55 
2 60 56 60 57 
2 60 58 60 59 
2 60 60 60 61 
2 60 62 60 63 
2 60 64 60 65 
2 60 66 60 67 
2 60 68 60 69 
2 60 70 60 71 
2 60 72 60 73 
2 60 74 60 75 
2 60 76 60 77 
2 60 78 60 79 
2 60 80 60 81 
2 60 82 60 83 
2 60 84 60 85 
2 60 86 60 87 
2 60 88 60 89 
2 60 90 59 90 
2 59 89 59 88 
2 59 87 59 86 
2 59 85 59 84 
2 59 83 59 82 
2 59 81 59 80 
2 59 79 59 78 
2 59 77 59 76 
2 59 75 59 74 
2 59 73 59 72 
2 59 71 59 70 
2 59 69 59 68 
2 59 67 59 66 
2 59 65 59 64 
2 59 63 59 62 
2 59 61 59 60 
2 59 59 59 58 
2 59 57 59 56 
2 59 55 59 54 
2 59 53 59 52 
2 59 51 59 50 
2 59 49 59 48 
2 59 47 59 46 
2 59 45 59 44 
2 59 43 59 42 
2 59 41 59 40 
2 59 39 59 38 
2 59 37 59 36 
2 59 35 59 34 
2 59 33 59 32 
2 59 31 59 30 
2 59 29 59 28 
2 59 27 59 26 
2 59 25 59 24 
2 59 23 59 22 
2 59 21 59 20 
2 59 19 59 18 
2 59 17 59 16 
2 59 15 59 14 
2 59 13 59 12 
2 59 11 59 10 
2 59 9 59 8 
2 59 7 59 6 
2 59 5 59 4 
2 59 3 59 2 
2 59 1 58 1 
2 58 2 58 3 
2 58 4 58 5 
2 58 6 58 7 
2 58 8 58 9 
2 58 10 58 11 
2 58 12 58 13 
2 58 14 58 15 
2 58 16 58 17 
2 58 18 58 19 
2 58 20 58 21 
2 58 22 58 23 
2 58 24 58 25 
2 58 26 58 27 
2 58 28 58 29 
2 58 30 58 31 
2 58 32 58 33 
2 58 34 58 35 
2 58 36 58 37 
2 58 38 58 39 
2 58 40 58 41 
2 58 42 58 43 
2 58 44 58 45 
2 58 46 58 47 
2 58 48 58 49 
2 58 50 58 51 
2 58 52 58 53 
2 58 54 58 55 
2 58 56 58 57 
2 58 58 58 59 
2 58 60 58 61 
2 58 62 58 63 
2 58 64 58 65 
2 58 66 58 67 
2 58 68 58 69 
2 58 70 58 71 
2 58 72 58 73 
2 58 74 58 75 
2 58 76 58 77 
2 58 78 58 79 
2 58 80 58 81 
2 58 82 58 83 
2 58 84 58 85 
2 58 86 58 87 
2 58 88 58 89 
2 58 90 57 90 
2 57 89 57 88 
2 57 87 57 86 
2 57 85 57 84 
2 57 83 57 82 
2 57 81 57 80 
2 57 79 57 78 
2 57 77 57 76 
2 57 75 57 74 
2 57 73 57 72 
2 57 71 57 70 
2 57 69 57 68 
2 57 67 57 66 
2 57 65 57 64 
2 57 63 57 62 
2 57 61 57 60 
2 57 59 57 58 
2 57 57 57 56 
2 57 55 57 54 
2 57 53 57 52 
2 57 51 57 50 
2 57 49 57 48 
2 57 47 57 46 
2 57 45 57 44 
2 57 43 57 42 
2 57 41 57 40 
2 57 39 57 38 
2 57 37 57 36 
2 57 35 57 34 
2 57 33 57 32 
2 57 31 57 30 
2 57 29 57 28 
2 57 27 57 26 
2 57 25 57 24 
2 57 23 57 22 
2 57 21 57 20 
2 57 19 57 18 
2 57 17 57 16 
2 57 15 57 14 
2 57 13 57 12 
2 57 11 57 10 
2 57 9 57 8 
2 57 7 57 6 
2 57 5 57 4 
2 57 3 57 2 
2 57 1 56 1 
2 56 2 56 3 
2 56 4 56 5 
2 56 6 56 7 
2 56 8 56 9 
2 56 10 56 11 
2 56 12 56 13 
2 56 14 56 15 
2 56 16 56 17 
2 56 18 56 19 
2 56 20 56 21 
2 56 22 56 23 
2 56 24 56 25 
2 56 26 56 27 
2 56 28 56 29 
2 56 30 56 31 
2 56 32 56 33 
2 56 34 56 35 
2 56 36 56 37 
2 56 38 56 39 
2 56 40 56 41 
2 56 42 56 43 
2 56 44 56 45 
2 56 46 56 47 
2 56 48 56 49 
2 56 50 56 51 
2 56 52 56 53 
2 56 54 56 55 
2 56 56 56 57 
2 56 58 56 59 
2 56 60 56 61 
2 56 62 56 63 
2 56 64 56 65 
2 56 66 56 67 
2 56 68 56 69 
2 56 70 56 71 
2 56 72 56 73 
2 56 74 56 75 
2 56 76 56 77 
2 56 78 56 79 
2 56 80 56 81 
2 56 82 56 83 
2 56 84 56 85 
2 56 86 56 87 
2 56 88 56 89 
2 56 90 55 90 
2 55 89 55 88 
2 55 87 55 86 
2 55 85 55 84 
2 55 83 55 82 
2 55 81 55 80 
2 55 79 55 78 
2 55 77 55 76 
2 55 75 55 74 
2 55 73 55 72 
2 55 71 55 70 
2 55 69 55 68 
2 55 67 55 66 
2 55 65 55 64 
2 55 63 55 62 
2 55 61 55 60 
2 55 59 55 58 
2 55 57 55 56 
2 55 55 55 54 
2 55 53 55 52 
2 55 51 55 50 
2 55 49 55 48 
2 55 47 55 46 
2 55 45 55 44 
2 55 43 55 42 
2 55 41 55 40 
2 55 39 55 38 
2 55 37 55 36 
2 55 35 55 34 
2 55 33 55 32 
2 55 31 55 30 
2 55 29 55 28 
2 55 27 55 26 
2 55 25 55 24 
2 55 23 55 22 
2 55 21 55 20 
2 55 19 55 18 
2 55 17 55 16 
2 55 15 55 14 
2 55 13 55 12 
2 55 11 55 10 
2 55 9 55 8 
2 55 7 55 6 
2 55 5 55 4 
2 55 3 55 2 
2 55 1 54 1 
2 54 2 54 3 
2 54 4 54 5 
2 54 6 54 7 
2 54 8 54 9 
2 54 10 54 11 
2 54 12 54 13 
2 54 14 54 15 
2 54 16 54 17 
2 54 18 54 19 
2 54 20 54 21 
2 54 22 54 23 
2 54 24 54 25 
2 54 26 54 27 
2 54 28 54 29 
2 54 30 54 31 
2 54 32 54 33 
2 54 34 54 35 
2 54 36 54 37 
2 54 38 54 39 
2 54 40 54 41 
2 54 42 54 43 
2 54 44 54 45 
2 54 46 54 47 
2 54 48 54 49 
2 54 50 54 51 
2 54 52 54 53 
2 54 54 54 55 
2 54 56 54 57 
2 54 58 54 59 
2 54 60 54 61 
2 54 62 54 63 
2 54 64 54 65 
2 54 66 54 67 
2 54 68 54 69 
2 54 70 54 71 
2 54 72 54 73 
2 54 74 54 75 
2 54 76 54 77 
2 54 78 54 79 
2 54 80 54 81 
2 54 82 54 83 
2 54 84 54 85 
2 54 86 54 87 
2 54 88 54 89 
2 54 90 53 90 
2 53 89 53 88 
2 53 87 53 86 
2 53 85 53 84 
2 53 83 53 82 
2 53 81 53 80 
2 53 79 53 78 
2 53 77 53 76 
2 53 75 53 74 
2 53 73 53 72 
2 53 71 53 70 
2 53 69 53 68 
2 53 67 53 66 
2 53 65 53 64 
2 53 63 53 62 
2 53 61 53 60 
2 53 59 53 58 
2 53 57 53 56 
2 53 55 53 54 
2 53 53 53 52 
2 53 51 53 50 
2 53 49 53 48 
2 53 47 53 46 
2 53 45 53 44 
2 53 43 53 42 
2 53 41 53 40 
2 53 39 53 38 
2 53 37 53 36 
2 53 35 53 34 
2 53 33 53 32 
2 53 31 53 30 
2 53 29 53 28 
2 53 27 53 26 
2 53 25 53 24 
2 53 23 53 22 
2 53 21 53 20 
2 53 19 53 18 
2 53 17 53 16 
2 53 15 53 14 
2 53 13 53 12 
2 53 11 53 10 
2 53 9 53 8 
2 53 7 53 6 
2 53 5 53 4 
2 53 3 53 2 
2 53 1 52 1 
2 52 2 52 3 
2 52 4 52 5 
2 52 6 52 7 
2 52 8 52 9 
2 52 10 52 11 
2 52 12 52 13 
2 52 14 52 15 
2 52 16 52 17 
2 52 18 52 19 
2 52 20 52 21 
2 52 22 52 23 
2 52 24 52 25 
2 52 26 52 27 
2 52 28 52 29 
2 52 30 52 31 
2 52 32 52 33 
2 52 34 52 35 
2 52 36 52 37 
2 52 38 52 39 
2 52 40 52 41 
2 52 42 52 43 
2 52 44 52 45 
2 52 46 52 47 
2 52 48 52 49 
2 52 50 52 51 
2 52 52 52 53 
2 52 54 52 55 
2 52 56 52 57 
2 52 58 52 59 
2 52 60 52 61 
2 52 62 52 63 
2 52 64 52 65 
2 52 66 52 67 
2 52 68 52 69 
2 52 70 52 71 
2 52 72 52 73 
2 52 74 52 75 
2 52 76 52 77 
2 52 78 52 79 
2 52 80 52 81 
2 52 82 52 83 
2 52 84 52 85 
2 52 86 52 87 
2 52 88 52 89 
2 52 90 51 90 
2 51 89 51 88 
2 51 87 51 86 
2 51 85 51 84 
2 51 83 51 82 
2 51 81 51 80 
2 51 79 51 78 
2 51 77 51 76 
2 51 75 51 74 
2 51 73 51 72 
2 51 71 51 70 
2 51 69 51 68 
2 51 67 51 66 
2 51 65 51 64 
2 51 63 51 62 
2 51 61 51 60 
2 51 59 51 58 
2 51 57 51 56 
2 51 55 51 54 
2 51 53 51 52 
2 51 51 51 50 
2 51 49 51 48 
2 51 47 51 46 
2 51 45 51 44 
2 51 43 51 42 
2 51 41 51 40 
2 51 39 51 38 
2 51 37 51 36 
2 51 35 51 34 
2 51 33 51 32 
2 51 31 51 30 
2 51 29 51 28 
2 51 27 51 26 
2 51 25 51 24 
2 51 23 51 22 
2 51 21 51 20 
2 51 19 51 18 
2 51 17 51 16 
2 51 15 51 14 
2 51 13 51 12 
2 51 11 51 10 
2 51 9 51 8 
2 51 7 51 6 
2 51 5 51 4 
2 51 3 51 2 
2 51 1 50 1 
2 50 2 50 3 
2 50 4 50 5 
2 50 6 50 7 
2 50 8 50 9 
2 50 10 50 11 
2 50 12 50 13 
2 50 14 50 15 
2 50 16 50 17 
2 50 18 50 19 
2 50 20 50 21 
2 50 22 50 23 
2 50 24 50 25 
2 50 26 50 27 
2 50 28 50 29 
2 50 30 50 31 
2 50 32 50 33 
2 50 34 50 35 
2 50 36 50 37 
2 50 38 50 39 
2 50 40 50 41 
2 50 42 50 43 
2 50 44 50 45 
2 50 46 50 47 
2 50 48 50 49 
2 50 50 50 51 
2 50 52 50 53 
2 50 54 50 55 
2 50 56 50 57 
2 50 58 50 59 
2 50 60 50 61 
2 50 62 50 63 
2 50 64 50 65 
2 50 66 50 67 
2 50 68 50 69 
2 50 70 50 71 
2 50 72 50 73 
2 50 74 50 75 
2 50 76 50 77 
2 50 78 50 79 
2 50 80 50 81 
2 50 82 50 83 
2 50 84 50 85 
2 50 86 50 87 
2 50 88 50 89 
2 50 90 49 90 
2 49 89 49 88 
2 49 87 49 86 
2 49 85 49 84 
2 49 83 49 82 
2 49 81 49 80 
2 49 79 49 78 
2 49 77 49 76 
2 49 75 49 74 
2 49 73 49 72 
2 49 71 49 70 
2 49 69 49 68 
2 49 67 49 66 
2 49 65 49 64 
2 49 63 49 62 
2 49 61 49 60 
2 49 59 49 58 
2 49 57 49 56 
2 49 55 49 54 
2 49 53 49 52 
2 49 51 49 50 
2 49 49 49 48 
2 49 47 49 46 
2 49 45 49 44 
2 49 43 49 42 
2 49 41 49 40 
2 49 39 49 38 
2 49 37 49 36 
2 49 35 49 34 
2 49 33 49 32 
2 49 31 49 30 
2 49 29 49 28 
2 49 27 49 26 
2 49 25 49 24 
2 49 23 49 22 
2 49 21 49 20 
2 49 19 49 18 
2 49 17 49 16 
2 49 15 49 14 
2 49 13 49 12 
2 49 11 49 10 
2 49 9 49 8 
2 49 7 49 6 
2 49 5 49 4 
2 49 3 49 2 
2 49 1 48 1 
2 48 2 48 3 
2 48 4 48 5 
2 48 6 48 7 
2 48 8 48 9 
2 48 10 48 11 
2 48 12 48 13 
2 48 14 48 15 
2 48 16 48 17 
2 48 18 48 19 
2 48 20 48 21 
2 48 22 48 23 
2 48 24 48 25 
2 48 26 48 27 
2 48 28 48 29 
2 48 30 48 31 
2 48 32 48 33 
2 48 34 48 35 
2 48 36 48 37 
2 48 38 48 39 
2 48 40 48 41 
2 48 42 48 43 
2 48 44 48 45 
2 48 46 48 47 
2 48 48 48 49 
2 48 50 48 51 
2 48 52 48 53 
2 48 54 48 55 
2 48 56 48 57 
2 48 58 48 59 
2 48 60 48 61 
2 48 62 48 63 
2 48 64 48 65 
2 48 66 48 67 
2 48 68 48 69 
2 48 70 48 71 
2 48 72 48 73 
2 48 74 48 75 
2 48 76 48 77 
2 48 78 48 79 
2 48 80 48 81 
2 48 82 48 83 
2 48 84 48 85 
2 48 86 48 87 
2 48 88 48 89 
2 48 90 47 90 
2 47 89 47 88 
2 47 87 47 86 
2 47 85 47 84 
2 47 83 47 82 
2 47 81 47 80 
2 47 79 47 78 
2 47 77 47 76 
2 47 75 47 74 
2 47 73 47 72 
2 47 71 47 70 
2 47 69 47 68 
2 47 67 47 66 
2 47 65 47 64 
2 47 63 47 62 
2 47 61 47 60 
2 47 59 47 58 
2 47 57 47 56 
2 47 55 47 54 
2 47 53 47 52 
2 47 51 47 50 
2 47 49 47 48 
2 47 47 47 46 
2 47 45 47 44 
2 47 43 47 42 
2 47 41 47 40 
2 47 39 47 38 
2 47 37 47 36 
2 47 35 47 34 
2 47 33 47 32 
2 47 31 47 30 
2 47 29 47 28 
2 47 27 47 26 
2 47 25 47 24 
2 47 23 47 22 
2 47 21 47 20 
2 47 19 47 18 
2 47 17 47 16 
2 47 15 47 14 
2 47 13 47 12 
2 47 11 47 10 
2 47 9 47 8 
2 47 7 47 6 
2 47 5 47 4 
2 47 3 47 2 
2 47 1 46 1 
2 46 2 46 3 
2 46 4 46 5 
2 46 6 46 7 
2 46 8 46 9 
2 46 10 46 11 
2 46 12 46 13 
2 46 14 46 15 
2 46 16 46 17 
2 46 18 46 19 
2 46 20 46 21 
2 46 22 46 23 
2 46 24 46 25 
2 46 26 46 27 
2 46 28 46 29 
2 46 30 46 31 
2 46 32 46 33 
2 46 34 46 35 
2 46 36 46 37 
2 46 38 46 39 
2 46 40 46 41 
2 46 42 46 43 
2 46 44 46 45 
2 46 46 46 47 
2 46 48 46 49 
2 46 50 46 51 
2 46 52 46 53 
2 46 54 46 55 
2 46 56 46 57 
2 46 58 46 59 
2 46 60 46 61 
2 46 62 46 63 
2 46 64 46 65 
2 46 66 46 67 
2 46 68 46 69 
2 46 70 46 71 
2 46 72 46 73 
2 46 74 46 75 
2 46 76 46 77 
2 46 78 46 79 
2 46 80 46 81 
2 46 82 46 83 
2 46 84 46 85 
2 46 86 46 87 
2 46 88 46 89 
2 46 90 45 90 
2 45 89 45 88 
2 45 87 45 86 
2 45 85 45 84 
2 45 83 45 82 
2 45 81 45 80 
2 45 79 45 78 
2 45 77 45 76 
2 45 75 45 74 
2 45 73 45 72 
2 45 71 45 70 
2 45 69 45 68 
2 45 67 45 66 
2 45 65 45 64 
2 45 63 45 62 
2 45 61 45 60 
2 45 59 45 58 
2 45 57 45 56 
2 45 55 45 54 
2 45 53 45 52 
2 45 51 45 50 
2 45 49 45 48 
2 45 47 45 46 
2 45 45 45 44 
2 45 43 45 42 
2 45 41 45 40 
2 45 39 45 38 
2 45 37 45 36 
2 45 35 45 34 
2 45 33 45 32 
2 45 31 45 30 
2 45 29 45 28 
2 45 27 45 26 
2 45 25 45 24 
2 45 23 45 22 
2 45 21 45 20 
2 45 19 45 18 
2 45 17 45 16 
2 45 15 45 14 
2 45 13 45 12 
2 45 11 45 10 
2 45 9 45 8 
2 45 7 45 6 
2 45 5 45 4 
2 45 3 45 2 
2 45 1 44 1 
2 44 2 44 3 
2 44 4 44 5 
2 44 6 44 7 
2 44 8 44 9 
2 44 10 44 11 
2 44 12 44 13 
2 44 14 44 15 
2 44 16 44 17 
2 44 18 44 19 
2 44 20 44 21 
2 44 22 44 23 
2 44 24 44 25 
2 44 26 44 27 
2 44 28 44 29 
2 44 30 44 31 
2 44 32 44 33 
2 44 34 44 35 
2 44 36 44 37 
2 44 38 44 39 
2 44 40 44 41 
2 44 42 44 43 
2 44 44 44 45 
2 44 46 44 47 
2 44 48 44 49 
2 44 50 44 51 
2 44 52 44 53 
2 44 54 44 55 
2 44 56 44 57 
2 44 58 44 59 
2 44 60 44 61 
2 44 62 44 63 
2 44 64 44 65 
2 44 66 44 67 
2 44 68 44 69 
2 44 70 44 71 
2 44 72 44 73 
2 44 74 44 75 
2 44 76 44 77 
2 44 78 44 79 
2 44 80 44 81 
2 44 82 44 83 
2 44 84 44 85 
2 44 86 44 87 
2 44 88 44 89 
2 44 90 43 90 
2 43 89 43 88 
2 43 87 43 86 
2 43 85 43 84 
2 43 83 43 82 
2 43 81 43 80 
2 43 79 43 78 
2 43 77 43 76 
2 43 75 43 74 
2 43 73 43 72 
2 43 71 43 70 
2 43 69 43 68 
2 43 67 43 66 
2 43 65 43 64 
2 43 63 43 62 
2 43 61 43 60 
2 43 59 43 58 
2 43 57 43 56 
2 43 55 43 54 
2 43 53 43 52 
2 43 51 43 50 
2 43 49 43 48 
2 43 47 43 46 
2 43 45 43 44 
2 43 43 43 42 
2 43 41 43 40 
2 43 39 43 38 
2 43 37 43 36 
2 43 35 43 34 
2 43 33 43 32 
2 43 31 43 30 
2 43 29 43 28 
2 43 27 43 26 
2 43 25 43 24 
2 43 23 43 22 
2 43 21 43 20 
2 43 19 43 18 
2 43 17 43 16 
2 43 15 43 14 
2 43 13 43 12 
2 43 11 43 10 
2 43 9 43 8 
2 43 7 43 6 
2 43 5 43 4 
2 43 3 43 2 
2 43 1 42 1 
2 42 2 42 3 
2 42 4 42 5 
2 42 6 42 7 
2 42 8 42 9 
2 42 10 42 11 
2 42 12 42 13 
2 42 14 42 15 
2 42 16 42 17 
2 42 18 42 19 
2 42 20 42 21 
2 42 22 42 23 
2 42 24 42 25 
2 42 26 42 27 
2 42 28 42 29 
2 42 30 42 31 
2 42 32 42 33 
2 42 34 42 35 
2 42 36 42 37 
2 42 38 42 39 
2 42 40 42 41 
2 42 42 42 43 
2 42 44 42 45 
2 42 46 42 47 
2 42 48 42 49 
2 42 50 42 51 
2 42 52 42 53 
2 42 54 42 55 
2 42 56 42 57 
2 42 58 42 59 
2 42 60 42 61 
2 42 62 42 63 
2 42 64 42 65 
2 42 66 42 67 
2 42 68 42 69 
2 42 70 42 71 
2 42 72 42 73 
2 42 74 42 75 
2 42 76 42 77 
2 42 78 42 79 
2 42 80 42 81 
2 42 82 42 83 
2 42 84 42 85 
2 42 86 42 87 
2 42 88 42 89 
2 42 90 41 90 
2 41 89 41 88 
2 41 87 41 86 
2 41 85 41 84 
2 41 83 41 82 
2 41 81 41 80 
2 41 79 41 78 
2 41 77 41 76 
2 41 75 41 74 
3583 41 73 41 72 41 71 41 70 41 69 41 68 41 67 41 66 41 65 41 64 41 63 41 62 41 61 41 60 41 59 41 58 41 57 41 56 41 55 41 54 41 53 41 52 41 51 41 50 41 49 41 48 41 47 41 46 41 45 41 44 41 43 41 42 41 41 41 40 41 39 41 38 41 37 41 36 41 35 41 34 41 33 41 32 41 31 41 30 41 29 41 28 41 27 41 26 41 25 41 24 41 23 41 22 41 21 41 20 41 19 41 18 41 17 41 16 41 15 41 14 41 13 41 12 41 11 41 10 41 9 41 8 41 7 41 6 41 5 41 4 41 3 41 2 41 1 40 1 40 2 40 3 40 4 40 5 40 6 40 7 40 8 40 9 40 10 40 11 40 12 40 13 40 14 40 15 40 16 40 17 40 18 40 19 40 20 40 21 40 22 40 23 40 24 40 25 40 26 40 27 40 28 40 29 40 30 40 31 40 32 40 33 40 34 40 35 40 36 40 37 40 38 40 39 40 40 40 41 40 42 40 43 40 44 40 45 40 46 40 47 40 48 40 49 40 50 40 51 40 52 40 53 40 54 40 55 40 56 40 57 40 58 40 59 40 60 40 61 40 62 40 63 40 64 40 65 40 66 40 67 40 68 40 69 40 70 40 71 40 72 40 73 40 74 40 75 40 76 40 77 40 78 40 79 40 80 40 81 40 82 40 83 40 84 40 85 40 86 40 87 40 88 40 89 40 90 39 90 39 89 39 88 39 87 39 86 39 85 39 84 39 83 39 82 39 81 39 80 39 79 39 78 39 77 39 76 39 75 39 74 39 73 39 72 39 71 39 70 39 69 39 68 39 67 39 66 39 65 39 64 39 63 39 62 39 61 39 60 39 59 39 58 39 57 39 56 39 55 39 54 39 53 39 52 39 51 39 50 39 49 39 48 39 47 39 46 39 45 39 44 39 43 39 42 39 41 39 40 39 39 39 38 39 37 39 36 39 35 39 34 39 33 39 32 39 31 39 30 39 29 39 28 39 27 39 26 39 25 39 24 39 23 39 22 39 21 39 20 39 19 39 18 39 17 39 16 39 15 39 14 39 13 39 12 39 11 39 10 39 9 39 8 39 7 39 6 39 5 39 4 39 3 39 2 39 1 38 1 38 2 38 3 38 4 38 5 38 6 38 7 38 8 38 9 38 10 38 11 38 12 38 13 38 14 38 15 38 16 38 17 38 18 38 19 38 20 38 21 38 22 38 23 38 24 38 25 38 26 38 27 38 28 38 29 38 30 38 31 38 32 38 33 38 34 38 35 38 36 38 37 38 38 38 39 38 40 38 41 38 42 38 43 38 44 38 45 38 46 38 47 38 48 38 49 38 50 38 51 38 52 38 53 38 54 38 55 38 56 38 57 38 58 38 59 38 60 38 61 38 62 38 63 38 64 38 65 38 66 38 67 38 68 38 69 38 70 38 71 38 72 38 73 38 74 38 75 38 76 38 77 38 78 38 79 38 80 38 81 38 82 38 83 38 84 38 85 38 86 38 87 38 88 38 89 38 90 37 90 37 89 37 88 37 87 37 86 37 85 37 84 37 83 37 82 37 81 37 80 37 79 37 78 37 77 37 76 37 75 37 74 37 73 37 72 37 71 37 70 37 69 37 68 37 67 37 66 37 65 37 64 37 63 37 62 37 61 37 60 37 59 37 58 37 57 37 56 37 55 37 54 37 53 37 52 37 51 37 50 37 49 37 48 37 47 37 46 37 45 37 44 37 43 37 42 37 41 37 40 37 39 37 38 37 37 37 36 37 35 37 34 37 33 37 32 37 31 37 30 37 29 37 28 37 27 37 26 37 25 37 24 37 23 37 22 37 21 37 20 37 19 37 18 37 17 37 16 37 15 37 14 37 13 37 12 37 11 37 10 37 9 37 8 37 7 37 6 37 5 37 4 37 3 37 2 37 1 36 1 36 2 36 3 36 4 36 5 36 6 36 7 36 8 36 9 36 10 36 11 36 12 36 13 36 14 36 15 36 16 36 17 36 18 36 19 36 20 36 21 36 22 36 23 36 24 36 25 36 26 36 27 36 28 36 29 36 30 36 31 36 32 36 33 36 34 36 35 36 36 36 37 36 38 36 39 36 40 36 41 36 42 36 43 36 44 36 45 36 46 36 47 36 48 36 49 36 50 36 51 36 52 36 53 36 54 36 55 36 56 36 57 36 58 36 59 36 60 36 61 36 62 36 63 36 64 36 65 36 66 36 67 36 68 36 69 36 70 36 71 36 72 36 73 36 74 36 75 36 76 36 77 36 78 36 79 36 80 36 81 36 82 36 83 36 84 36 85 36 86 36 87 36 88 36 89 36 90 35 90 35 89 35 88 35 87 35 86 35 85 35 84 35 83 35 82 35 81 35 80 35 79 35 78 35 77 35 76 35 75 35 74 35 73 35 72 35 71 35 70 35 69 35 68 35 67 35 66 35 65 35 64 35 63 35 62 35 61 35 60 35 59 35 58 35 57 35 56 35 55 35 54 35 53 35 52 35 51 35 50 35 49 35 48 35 47 35 46 35 45 35 44 35 43 35 42 35 41 35 40 35 39 35 38 35 37 35 36 35 35 35 34 35 33 35 32 35 31 35 30 35 29 35 28 35 27 35 26 35 25 35 24 35 23 35 22 35 21 35 20 35 19 35 18 35 17 35 16 35 15 35 14 35 13 35 12 35 11 35 10 35 9 35 8 35 7 35 6 35 5 35 4 35 3 35 2 35 1 34 1 34 2 34 3 34 4 34 5 34 6 34 7 34 8 34 9 34 10 34 11 34 12 34 13 34 14 34 15 34 16 34 17 34 18 34 19 34 20 34 21 34 22 34 23 34 24 34 25 34 26 34 27 34 28 34 29 34 30 34 31 34 32 34 33 34 34 34 35 34 36 34 37 34 38 34 39 34 40 34 41 34 42 34 43 34 44 34 45 34 46 34 47 34 48 34 49 34 50 34 51 34 52 34 53 34 54 34 55 34 56 34 57 34 58 34 59 34 60 34 61 34 62 34 63 34 64 34 65 34 66 34 67 34 68 34 69 34 70 34 71 34 72 34 73 34 74 34 75 34 76 34 77 34 78 34 79 34 80 34 81 34 82 34 83 34 84 34 85 34 86 34 87 34 88 34 89 34 90 33 90 33 89 33 88 33 87 33 86 33 85 33 84 33 83 33 82 33 81 33 80 33 79 33 78 33 77 33 76 33 75 33 74 33 73 33 72 33 71 33 70 33 69 33 68 33 67 33 66 33 65 33 64 33 63 33 62 33 61 33 60 33 59 33 58 33 57 33 56 33 55 33 54 33 53 33 52 33 51 33 50 33 49 33 48 33 47 33 46 33 45 33 44 33 43 33 42 33 41 33 40 33 39 33 38 33 37 33 36 33 35 33 34 33 33 33 32 33 31 33 30 33 29 33 28 33 27 33 26 33 25 33 24 33 23 33 22 33 21 33 20 33 19 33 18 33 17 33 16 33 15 33 14 33 13 33 12 33 11 33 10 33 9 33 8 33 7 33 6 33 5 33 4 33 3 33 2 33 1 32 1 32 2 32 3 32 4 32 5 32 6 32 7 32 8 32 9 32 10 32 11 32 12 32 13 32 14 32 15 32 16 32 17 32 18 32 19 32 20 32 21 32 22 32 23 32 24 32 25 32 26 32 27 32 28 32 29 32 30 32 31 32 32 32 33 32 34 32 35 32 36 32 37 32 38 32 39 32 40 32 41 32 42 32 43 32 44 32 45 32 46 32 47 32 48 32 49 32 50 32 51 32 52 32 53 32 54 32 55 32 56 32 57 32 58 32 59 32 60 32 61 32 62 32 63 32 64 32 65 32 66 32 67 32 68 32 69 32 70 32 71 32 72 32 73 32 74 32 75 32 76 32 77 32 78 32 79 32 80 32 81 32 82 32 83 32 84 32 85 32 86 32 87 32 88 32 89 32 90 31 90 31 89 31 88 31 87 31 86 31 85 31 84 31 83 31 82 31 81 31 80 31 79 31 78 31 77 31 76 31 75 31 74 31 73 31 72 31 71 31 70 31 69 31 68 31 67 31 66 31 65 31 64 31 63 31 62 31 61 31 60 31 59 31 58 31 57 31 56 31 55 31 54 31 53 31 52 31 51 31 50 31 49 31 48 31 47 31 46 31 45 31 44 31 43 31 42 31 41 31 40 31 39 31 38 31 37 31 36 31 35 31 34 31 33 31 32 31 31 31 30 31 29 31 28 31 27 31 26 31 25 31 24 31 23 31 22 31 21 31 20 31 19 31 18 31 17 31 16 31 15 31 14 31 13 31 12 31 11 31 10 31 9 31 8 31 7 31 6 31 5 31 4 31 3 31 2 31 1 30 1 30 2 30 3 30 4 30 5 30 6 30 7 30 8 30 9 30 10 30 11 30 12 30 13 30 14 30 15 30 16 30 17 30 18 30 19 30 20 30 21 30 22 30 23 30 24 30 25 30 26 30 27 30 28 30 29 30 30 30 31 30 32 30 33 30 34 30 35 30 36 30 37 30 38 30 39 30 40 30 41 30 42 30 43 30 44 30 45 30 46 30 47 30 48 30 49 30 50 30 51 30 52 30 53 30 54 30 55 30 56 30 57 30 58 30 59 30 60 30 61 30 62 30 63 30 64 30 65 30 66 30 67 30 68 30 69 30 70 30 71 30 72 30 73 30 74 30 75 30 76 30 77 30 78 30 79 30 80 30 81 30 82 30 83 30 84 30 85 30 86 30 87 30 88 30 89 30 90 29 90 29 89 29 88 29 87 29 86 29 85 29 84 29 83 29 82 29 81 29 80 29 79 29 78 29 77 29 76 29 75 29 74 29 73 29 72 29 71 29 70 29 69 29 68 29 67 29 66 29 65 29 64 29 63 29 62 29 61 29 60 29 59 29 58 29 57 29 56 29 55 29 54 29 53 29 52 29 51 29 50 29 49 29 48 29 47 29 46 29 45 29 44 29 43 29 42 29 41 29 40 29 39 29 38 29 37 29 36 29 35 29 34 29 33 29 32 29 31 29 30 29 29 29 28 29 27 29 26 29 25 29 24 29 23 29 22 29 21 29 20 29 19 29 18 29 17 29 16 29 15 29 14 29 13 29 12 29 11 29 10 29 9 29 8 29 7 29 6 29 5 29 4 29 3 29 2 29 1 28 1 28 2 28 3 28 4 28 5 28 6 28 7 28 8 28 9 28 10 28 11 28 12 28 13 28 14 28 15 28 16 28 17 28 18 28 19 28 20 28 21 28 22 28 23 28 24 28 25 28 26 28 27 28 28 28 29 28 30 28 31 28 32 28 33 28 34 28 35 28 36 28 37 28 38 28 39 28 40 28 41 28 42 28 43 28 44 28 45 28 46 28 47 28 48 28 49 28 50 28 51 28 52 28 53 28 54 28 55 28 56 28 57 28 58 28 59 28 60 28 61 28 62 28 63 28 64 28 65 28 66 28 67 28 68 28 69 28 70 28 71 28 72 28 73 28 74 28 75 28 76 28 77 28 78 28 79 28 80 28 81 28 82 28 83 28 84 28 85 28 86 28 87 28 88 28 89 28 90 27 90 27 89 27 88 27 87 27 86 27 85 27 84 27 83 27 82 27 81 27 80 27 79 27 78 27 77 27 76 27 75 27 74 27 73 27 72 27 71 27 70 27 69 27 68 27 67 27 66 27 65 27 64 27 63 27 62 27 61 27 60 27 59 27 58 27 57 27 56 27 55 27 54 27 53 27 52 27 51 27 50 27 49 27 48 27 47 27 46 27 45 27 44 27 43 27 42 27 41 27 40 27 39 27 38 27 37 27 36 27 35 27 34 27 33 27 32 27 31 27 30 27 29 27 28 27 27 27 26 27 25 27 24 27 23 27 22 27 21 27 20 27 19 27 18 27 17 27 16 27 15 27 14 27 13 27 12 27 11 27 10 27 9 27 8 27 7 27 6 27 5 27 4 27 3 27 2 27 1 26 1 26 2 26 3 26 4 26 5 26 6 26 7 26 8 26 9 26 10 26 11 26 12 26 13 26 14 26 15 26 16 26 17 26 18 26 19 26 20 26 21 26 22 26 23 26 24 26 25 26 26 26 27 26 28 26 29 26 30 26 31 26 32 26 33 26 34 26 35 26 36 26 37 26 38 26 39 26 40 26 41 26 42 26 43 26 44 26 45 26 46 26 47 26 48 26 49 26 50 26 51 26 52 26 53 26 54 26 55 26 56 26 57 26 58 26 59 26 60 26 61 26 62 26 63 26 64 26 65 26 66 26 67 26 68 26 69 26 70 26 71 26 72 26 73 26 74 26 75 26 76 26 77 26 78 26 79 26 80 26 81 26 82 26 83 26 84 26 85 26 86 26 87 26 88 26 89 26 90 25 90 25 89 25 88 25 87 25 86 25 85 25 84 25 83 25 82 25 81 25 80 25 79 25 78 25 77 25 76 25 75 25 74 25 73 25 72 25 71 25 70 25 69 25 68 25 67 25 66 25 65 25 64 25 63 25 62 25 61 25 60 25 59 25 58 25 57 25 56 25 55 25 54 25 53 25 52 25 51 25 50 25 49 25 48 25 47 25 46 25 45 25 44 25 43 25 42 25 41 25 40 25 39 25 38 25 37 25 36 25 35 25 34 25 33 25 32 25 31 25 30 25 29 25 28 25 27 25 26 25 25 25 24 25 23 25 22 25 21 25 20 25 19 25 18 25 17 25 16 25 15 25 14 25 13 25 12 25 11 25 10 25 9 25 8 25 7 25 6 25 5 25 4 25 3 25 2 25 1 24 1 24 2 24 3 24 4 24 5 24 6 24 7 24 8 24 9 24 10 24 11 24 12 24 13 24 14 24 15 24 16 24 17 24 18 24 19 24 20 24 21 24 22 24 23 24 24 24 25 24 26 24 27 24 28 24 29 24 30 24 31 24 32 24 33 24 34 24 35 24 36 24 37 24 38 24 39 24 40 24 41 24 42 24 43 24 44 24 45 24 46 24 47 24 48 24 49 24 50 24 51 24 52 24 53 24 54 24 55 24 56 24 57 24 58 24 59 24 60 24 61 24 62 24 63 24 64 24 65 24 66 24 67 24 68 24 69 24 70 24 71 24 72 24 73 24 74 24 75 24 76 24 77 24 78 24 79 24 80 24 81 24 82 24 83 24 84 24 85 24 86 24 87 24 88 24 89 24 90 23 90 23 89 23 88 23 87 23 86 23 85 23 84 23 83 23 82 23 81 23 80 23 79 23 78 23 77 23 76 23 75 23 74 23 73 23 72 23 71 23 70 23 69 23 68 23 67 23 66 23 65 23 64 23 63 23 62 23 61 23 60 23 59 23 58 23 57 23 56 23 55 23 54 23 53 23 52 23 51 23 50 23 49 23 48 23 47 23 46 23 45 23 44 23 43 23 42 23 41 23 40 23 39 23 38 23 37 23 36 23 35 23 34 23 33 23 32 23 31 23 30 23 29 23 28 23 27 23 26 23 25 23 24 23 23 23 22 23 21 23 20 23 19 23 18 23 17 23 16 23 15 23 14 23 13 23 12 23 11 23 10 23 9 23 8 23 7 23 6 23 5 23 4 23 3 23 2 23 1 22 1 22 2 22 3 22 4 22 5 22 6 22 7 22 8 22 9 22 10 22 11 22 12 22 13 22 14 22 15 22 16 22 17 22 18 22 19 22 20 22 21 22 22 22 23 22 24 22 25 22 26 22 27 22 28 22 29 22 30 22 31 22 32 22 33 22 34 22 35 22 36 22 37 22 38 22 39 22 40 22 41 22 42 22 43 22 44 22 45 22 46 22 47 22 48 22 49 22 50 22 51 22 52 22 53 22 54 22 55 22 56 22 57 22 58 22 59 22 60 22 61 22 62 22 63 22 64 22 65 22 66 22 67 22 68 22 69 22 70 22 71 22 72 22 73 22 74 22 75 22 76 22 77 22 78 22 79 22 80 22 81 22 82 22 83 22 84 22 85 22 86 22 87 22 88 22 89 22 90 21 90 21 89 21 88 21 87 21 86 21 85 21 84 21 83 21 82 21 81 21 80 21 79 21 78 21 77 21 76 21 75 21 74 21 73 21 72 21 71 21 70 21 69 21 68 21 67 21 66 21 65 21 64 21 63 21 62 21 61 21 60 21 59 21 58 21 57 21 56 21 55 21 54 21 53 21 52 21 51 21 50 21 49 21 48 21 47 21 46 21 45 21 44 21 43 21 42 21 41 21 40 21 39 21 38 21 37 21 36 21 35 21 34 21 33 21 32 21 31 21 30 21 29 21 28 21 27 21 26 21 25 21 24 21 23 21 22 21 21 21 20 21 19 21 18 21 17 21 16 21 15 21 14 21 13 21 12 21 11 21 10 21 9 21 8 21 7 21 6 21 5 21 4 21 3 21 2 21 1 20 1 20 2 20 3 20 4 20 5 20 6 20 7 20 8 20 9 20 10 20 11 20 12 20 13 20 14 20 15 20 16 20 17 20 18 20 19 20 20 20 21 20 22 20 23 20 24 20 25 20 26 20 27 20 28 20 29 20 30 20 31 20 32 20 33 20 34 20 35 20 36 20 37 20 38 20 39 20 40 20 41 20 42 20 43 20 44 20 45 20 46 20 47 20 48 20 49 20 50 20 51 20 52 20 53 20 54 20 55 20 56 20 57 20 58 20 59 20 60 20 61 20 62 20 63 20 64 20 65 20 66 20 67 20 68 20 69 20 70 20 71 20 72 20 73 20 74 20 75 20 76 20 77 20 78 20 79 20 80 20 81 20 82 20 83 20 84 20 85 20 86 20 87 20 88 20 89 20 90 19 90 19 89 19 88 19 87 19 86 19 85 19 84 19 83 19 82 19 81 19 80 19 79 19 78 19 77 19 76 19 75 19 74 19 73 19 72 19 71 19 70 19 69 19 68 19 67 19 66 19 65 19 64 19 63 19 62 19 61 19 60 19 59 19 58 19 57 19 56 19 55 19 54 19 53 19 52 19 51 19 50 19 49 19 48 19 47 19 46 19 45 19 44 19 43 19 42 19 41 19 40 19 39 19 38 19 37 19 36 19 35 19 34 19 33 19 32 19 31 19 30 19 29 19 28 19 27 19 26 19 25 19 24 19 23 19 22 19 21 19 20 19 19 19 18 19 17 19 16 19 15 19 14 19 13 19 12 19 11 19 10 19 9 19 8 19 7 19 6 19 5 19 4 19 3 19 2 19 1 18 1 18 2 18 3 18 4 18 5 18 6 18 7 18 8 18 9 18 10 18 11 18 12 18 13 18 14 18 15 18 16 18 17 18 18 18 19 18 20 18 21 18 22 18 23 18 24 18 25 18 26 18 27 18 28 18 29 18 30 18 31 18 32 18 33 18 34 18 35 18 36 18 37 18 38 18 39 18 40 18 41 18 42 18 43 18 44 18 45 18 46 18 47 18 48 18 49 18 50 18 51 18 52 18 53 18 54 18 55 18 56 18 57 18 58 18 59 18 60 18 61 18 62 18 63 18 64 18 65 18 66 18 67 18 68 18 69 18 70 18 71 18 72 18 73 18 74 18 75 18 76 18 77 18 78 18 79 18 80 18 81 18 82 18 83 18 84 18 85 18 86 18 87 18 88 18 89 18 90 17 90 17 89 17 88 17 87 17 86 17 85 17 84 17 83 17 82 17 81 17 80 17 79 17 78 17 77 17 76 17 75 17 74 17 73 17 72 17 71 17 70 17 69 17 68 17 67 17 66 17 65 17 64 17 63 17 62 17 61 17 60 17 59 17 58 17 57 17 56 17 55 17 54 17 53 17 52 17 51 17 50 17 49 17 48 17 47 17 46 17 45 17 44 17 43 17 42 17 41 17 40 17 39 17 38 17 37 17 36 17 35 17 34 17 33 17 32 17 31 17 30 17 29 17 28 17 27 17 26 17 25 17 24 17 23 17 22 17 21 17 20 17 19 17 18 17 17 17 16 17 15 17 14 17 13 17 12 17 11 17 10 17 9 17 8 17 7 17 6 17 5 17 4 17 3 17 2 17 1 16 1 16 2 16 3 16 4 16 5 16 6 16 7 16 8 16 9 16 10 16 11 16 12 16 13 16 14 16 15 16 16 16 17 16 18 16 19 16 20 16 21 16 22 16 23 16 24 16 25 16 26 16 27 16 28 16 29 16 30 16 31 16 32 16 33 16 34 16 35 16 36 16 37 16 38 16 39 16 40 16 41 16 42 16 43 16 44 16 45 16 46 16 47 16 48 16 49 16 50 16 51 16 52 16 53 16 54 16 55 16 56 16 57 16 58 16 59 16 60 16 61 16 62 16 63 16 64 16 65 16 66 16 67 16 68 16 69 16 70 16 71 16 72 16 73 16 74 16 75 16 76 16 77 16 78 16 79 16 80 16 81 16 82 16 83 16 84 16 85 16 86 16 87 16 88 16 89 16 90 15 90 15 89 15 88 15 87 15 86 15 85 15 84 15 83 15 82 15 81 15 80 15 79 15 78 15 77 15 76 15 75 15 74 15 73 15 72 15 71 15 70 15 69 15 68 15 67 15 66 15 65 15 64 15 63 15 62 15 61 15 60 15 59 15 58 15 57 15 56 15 55 15 54 15 53 15 52 15 51 15 50 15 49 15 48 15 47 15 46 15 45 15 44 15 43 15 42 15 41 15 40 15 39 15 38 15 37 15 36 15 35 15 34 15 33 15 32 15 31 15 30 15 29 15 28 15 27 15 26 15 25 15 24 15 23 15 22 15 21 15 20 15 19 15 18 15 17 15 16 15 15 15 14 15 13 15 12 15 11 15 10 15 9 15 8 15 7 15 6 15 5 15 4 15 3 15 2 15 1 14 1 14 2 14 3 14 4 14 5 14 6 14 7 14 8 14 9 14 10 14 11 14 12 14 13 14 14 14 15 14 16 14 17 14 18 14 19 14 20 14 21 14 22 14 23 14 24 14 25 14 26 14 27 14 28 14 29 14 30 14 31 14 32 14 33 14 34 14 35 14 36 14 37 14 38 14 39 14 40 14 41 14 42 14 43 14 44 14 45 14 46 14 47 14 48 14 49 14 50 14 51 14 52 14 53 14 54 14 55 14 56 14 57 14 58 14 59 14 60 14 61 14 62 14 63 14 64 14 65 14 66 14 67 14 68 14 69 14 70 14 71 14 72 14 73 14 74 14 75 14 76 14 77 14 78 14 79 14 80 14 81 14 82 14 83 14 84 14 85 14 86 14 87 14 88 14 89 14 90 13 90 13 89 13 88 13 87 13 86 13 85 13 84 13 83 13 82 13 81 13 80 13 79 13 78 13 77 13 76 13 75 13 74 13 73 13 72 13 71 13 70 13 69 13 68 13 67 13 66 13 65 13 64 13 63 13 62 13 61 13 60 13 59 13 58 13 57 13 56 13 55 13 54 13 53 13 52 13 51 13 50 13 49 13 48 13 47 13 46 13 45 13 44 13 43 13 42 13 41 13 40 13 39 13 38 13 37 13 36 13 35 13 34 13 33 13 32 13 31 13 30 13 29 13 28 13 27 13 26 13 25 13 24 13 23 13 22 13 21 13 20 13 19 13 18 13 17 13 16 13 15 13 14 13 13 13 12 13 11 13 10 13 9 13 8 13 7 13 6 13 5 13 4 13 3 13 2 13 1 12 1 12 2 12 3 12 4 12 5 12 6 12 7 12 8 12 9 12 10 12 11 12 12 12 13 12 14 12 15 12 16 12 17 12 18 12 19 12 20 12 21 12 22 12 23 12 24 12 25 12 26 12 27 12 28 12 29 12 30 12 31 12 32 12 33 12 34 12 35 12 36 12 37 12 38 12 39 12 40 12 41 12 42 12 43 12 44 12 45 12 46 12 47 12 48 12 49 12 50 12 51 12 52 12 53 12 54 12 55 12 56 12 57 12 58 12 59 12 60 12 61 12 62 12 63 12 64 12 65 12 66 12 67 12 68 12 69 12 70 12 71 12 72 12 73 12 74 12 75 12 76 12 77 12 78 12 79 12 80 12 81 12 82 12 83 12 84 12 85 12 86 12 87 12 88 12 89 12 90 11 90 11 89 11 88 11 87 11 86 11 85 11 84 11 83 11 82 11 81 11 80 11 79 11 78 11 77 11 76 11 75 11 74 11 73 11 72 11 71 11 70 11 69 11 68 11 67 11 66 11 65 11 64 11 63 11 62 11 61 11 60 11 59 11 58 11 57 11 56 11 55 11 54 11 53 11 52 11 51 11 50 11 49 11 48 11 47 11 46 11 45 11 44 11 43 11 42 11 41 11 40 11 39 11 38 11 37 11 36 11 35 11 34 11 33 11 32 11 31 11 30 11 29 11 28 11 27 11 26 11 25 11 24 11 23 11 22 11 21 11 20 11 19 11 18 11 17 11 16 11 15 11 14 11 13 11 12 11 11 11 10 11 9 11 8 11 7 11 6 11 5 11 4 11 3 11 2 11 1 10 1 10 2 10 3 10 4 10 5 10 6 10 7 10 8 10 9 10 10 10 11 10 12 10 13 10 14 10 15 10 16 10 17 10 18 10 19 10 20 10 21 10 22 10 23 10 24 10 25 10 26 10 27 10 28 10 29 10 30 10 31 10 32 10 33 10 34 10 35 10 36 10 37 10 38 10 39 10 40 10 41 10 42 10 43 10 44 10 45 10 46 10 47 10 48 10 49 10 50 10 51 10 52 10 53 10 54 10 55 10 56 10 57 10 58 10 59 10 60 10 61 10 62 10 63 10 64 10 65 10 66 10 67 10 68 10 69 10 70 10 71 10 72 10 73 10 74 10 75 10 76 10 77 10 78 10 79 10 80 10 81 10 82 10 83 10 84 10 85 10 86 10 87 10 88 10 89 10 90 9 90 9 89 9 88 9 87 9 86 9 85 9 84 9 83 9 82 9 81 9 80 9 79 9 78 9 77 9 76 9 75 9 74 9 73 9 72 9 71 9 70 9 69 9 68 9 67 9 66 9 65 9 64 9 63 9 62 9 61 9 60 9 59 9 58 9 57 9 56 9 55 9 54 9 53 9 52 9 51 9 50 9 49 9 48 9 47 9 46 9 45 9 44 9 43 9 42 9 41 9 40 9 39 9 38 9 37 9 36 9 35 9 34 9 33 9 32 9 31 9 30 9 29 9 28 9 27 9 26 9 25 9 24 9 23 9 22 9 21 9 20 9 19 9 18 9 17 9 16 9 15 9 14 9 13 9 12 9 11 9 10 9 9 9 8 9 7 9 6 9 5 9 4 9 3 9 2 9 1 8 1 8 2 8 3 8 4 8 5 8 6 8 7 8 8 8 9 8 10 8 11 8 12 8 13 8 14 8 15 8 16 8 17 8 18 8 19 8 20 8 21 8 22 8 23 8 24 8 25 8 26 8 27 8 28 8 29 8 30 8 31 8 32 8 33 8 34 8 35 8 36 8 37 8 38 8 39 8 40 8 41 8 42 8 43 8 44 8 45 8 46 8 47 8 48 8 49 8 50 8 51 8 52 8 53 8 54 8 55 8 56 8 57 8 58 8 59 8 60 8 61 8 62 8 63 8 64 8 65 8 66 8 67 8 68 8 69 8 70 8 71 8 72 8 73 8 74 8 75 8 76 8 77 8 78 8 79 8 80 8 81 8 82 8 83 8 84 8 85 8 86 8 87 8 88 8 89 8 90 7 90 7 89 7 88 7 87 7 86 7 85 7 84 7 83 7 82 7 81 7 80 7 79 7 78 7 77 7 76 7 75 7 74 7 73 7 72 7 71 7 70 7 69 7 68 7 67 7 66 7 65 7 64 7 63 7 62 7 61 7 60 7 59 7 58 7 57 7 56 7 55 7 54 7 53 7 52 7 51 7 50 7 49 7 48 7 47 7 46 7 45 7 44 7 43 7 42 7 41 7 40 7 39 7 38 7 37 7 36 7 35 7 34 7 33 7 32 7 31 7 30 7 29 7 28 7 27 7 26 7 25 7 24 7 23 7 22 7 21 7 20 7 19 7 18 7 17 7 16 7 15 7 14 7 13 7 12 7 11 7 10 7 9 7 8 7 7 7 6 7 5 7 4 7 3 7 2 7 1 6 1 6 2 6 3 6 4 6 5 6 6 6 7 6 8 6 9 6 10 6 11 6 12 6 13 6 14 6 15 6 16 6 17 6 18 6 19 6 20 6 21 6 22 6 23 6 24 6 25 6 26 6 27 6 28 6 29 6 30 6 31 6 32 6 33 6 34 6 35 6 36 6 37 6 38 6 39 6 40 6 41 6 42 6 43 6 44 6 45 6 46 6 47 6 48 6 49 6 50 6 51 6 52 6 53 6 54 6 55 6 56 6 57 6 58 6 59 6 60 6 61 6 62 6 63 6 64 6 65 6 66 6 67 6 68 6 69 6 70 6 71 6 72 6 73 6 74 6 75 6 76 6 77 6 78 6 79 6 80 6 81 6 82 6 83 6 84 6 85 6 86 6 87 6 88 6 89 6 90 5 90 5 89 5 88 5 87 5 86 5 85 5 84 5 83 5 82 5 81 5 80 5 79 5 78 5 77 5 76 5 75 5 74 5 73 5 72 5 71 5 70 5 69 5 68 5 67 5 66 5 65 5 64 5 63 5 62 5 61 5 60 5 59 5 58 5 57 5 56 5 55 5 54 5 53 5 52 5 51 5 50 5 49 5 48 5 47 5 46 5 45 5 44 5 43 5 42 5 41 5 40 5 39 5 38 5 37 5 36 5 35 5 34 5 33 5 32 5 31 5 30 5 29 5 28 5 27 5 26 5 25 5 24 5 23 5 22 5 21 5 20 5 19 5 18 5 17 5 16 5 15 5 14 5 13 5 12 5 11 5 10 5 9 5 8 5 7 5 6 5 5 5 4 5 3 5 2 5 1 4 1 4 2 4 3 4 4 4 5 4 6 4 7 4 8 4 9 4 10 4 11 4 12 4 13 4 14 4 15 4 16 4 17 4 18 4 19 4 20 4 21 4 22 4 23 4 24 4 25 4 26 4 27 4 28 4 29 4 30 4 31 4 32 4 33 4 34 4 35 4 36 4 37 4 38 4 39 4 40 4 41 4 42 4 43 4 44 4 45 4 46 4 47 4 48 4 49 4 50 4 51 4 52 4 53 4 54 4 55 4 56 4 57 4 58 4 59 4 60 4 61 4 62 4 63 4 64 4 65 4 66 4 67 4 68 4 69 4 70 4 71 4 72 4 73 4 74 4 75 4 76 4 77 4 78 4 79 4 80 4 81 4 82 4 83 4 84 4 85 4 86 4 87 4 88 4 89 4 90 3 90 3 89 3 88 3 87 3 86 3 85 3 84 3 83 3 82 3 81 3 80 3 79 3 78 3 77 3 76 3 75 3 74 3 73 3 72 3 71 3 70 3 69 3 68 3 67 3 66 3 65 3 64 3 63 3 62 3 61 3 60 3 59 3 58 3 57 3 56 3 55 3 54 3 53 3 52 3 51 3 50 3 49 3 48 3 47 3 46 3 45 3 44 3 43 3 42 3 41 3 40 3 39 3 38 3 37 3 36 3 35 3 34 3 33 3 32 3 31 3 30 3 29 3 28 3 27 3 26 3 25 3 24 3 23 3 22 3 21 3 20 3 19 3 18 3 17 3 16 3 15 3 14 3 13 3 12 3 11 3 10 3 9 3 8 3 7 3 6 3 5 3 4 3 3 3 2 3 1 2 1 2 2 2 3 2 4 2 5 2 6 2 7 2 8 2 9 2 10 2 11 2 12 2 13 2 14 2 15 2 16 2 17 2 18 2 19 2 20 2 21 2 22 2 23 2 24 2 25 2 26 2 27 2 28 2 29 2 30 2 31 2 32 2 33 2 34 2 35 2 36 2 37 2 38 2 39 2 40 2 41 2 42 2 43 2 44 2 45 2 46 2 47 2 48 2 49 2 50 2 51 2 52 2 53 2 54 2 55 2 56 2 57 2 58 2 59 2 60 2 61 2 62 2 63 2 64 2 65 2 66 2 67 2 68 2 69 2 70 2 71 2 72 2 73 2 74 2 75 2 76 2 77 2 78 2 79 2 80 2 81 2 82 2 83 2 84 2 85 2 86 2 87 2 88 2 89 2 90 
