225 11
887199080 1588486938 219527519 324592917 1391872062 10558913 43968902 1791105605 938802075 301623937 1216119132 2042346305 1813534143 1067701227 2136491907 1566229766 1316516335 693763350 238951803 681706666 777458009 552981876 1471935929 307264572 1639891964 492195642 2096901996 2014284882 1205027496 1593790275 157015531 278667526 485695169 597305258 582390654 1862073701 2076946725 130079538 1753232287 1270775370 1348578261 652091256 1128422560 301673330 1925274503 1288179233 1912231948 720743673 794685125 1862663425 972101761 1429693037 697886604 1226515911 979845138 2119654839 828303805 1241076703 191810120 1860788563 464024540 1053081900 548686144 536021040 1962092695 802707847 1401139473 30341704 1599872180 1237699472 1861136004 163012998 150208193 2004597465 1126053373 1042286076 1885399109 268870378 1609601479 1913031244 1230372001 546584794 1465743236 1578765898 13119494 2128891597 171660879 326456363 553700339 956109976 1564025118 2128510709 7896177 367641118 2080746642 1776906932 239064581 1885120076 1597953052 1709553720 2058458491 1433961241 1798552871 1036715962 35284529 683458030 685232508 2036014993 1818461110 366701878 1919839776 204670426 404093838 231775858 1480197125 4850495 737457543 116658388 863309844 820581450 1459067195 601651901 93414342 1759915646 816362265 1737128129 1884899920 1896347308 760303678 1738574598 724388738 1225892753 1585513174 1775857669 84433066 1910307028 995606210 1733733588 265764564 1397740317 1612166225 1820872300 436712877 318123897 795700067 2069781915 456798657 1807708453 541767277 591913011 320456830 1122661762 341934157 1700058084 788128579 569879780 718326502 926889162 2100482117 624824137 423755182 2008990344 977228142 1822443168 1776484792 1852912250 652437622 188370222 1132862246 83864241 394661628 1441109586 768841343 338174592 54554782 655111657 296077784 1839902926 150790251 1640363399 370365455 420035515 960355701 2119775742 1361392754 1755359060 1130886891 201006546 2038198712 488259291 68992352 200882697 370947789 459754092 1527934950 645163561 933641803 920398020 1141444622 1502615875 956049343 1912901966 421416150 291653310 1789614139 949021689 2111054350 624227342 1801175393 1305557402 1889033220 282547282 1125652672 1588582979 219393670 416567430 963152562 2007318538 1772595514 1637556972 734720253 1981992838 1609768241 132374789 843229961 
0 218
0 37
0 105
0 12
0 19
0 159
0 18
0 151
0 136
0 39
0 98
0 5
0 186
0 50
0 202
0 101
0 134
0 203
0 208
0 130
0 15
0 156
0 152
0 192
0 214
0 150
0 88
0 123
0 28
0 174
0 83
0 29
0 45
0 69
0 25
0 117
0 1
0 198
0 26
0 106
0 102
0 9
0 137
0 163
0 112
0 91
0 197
0 168
0 190
0 155
0 172
0 57
0 93
0 175
0 113
0 71
0 176
0 52
0 209
0 56
0 206
0 169
0 51
0 133
0 164
0 160
0 181
0 53
0 68
0 127
0 32
0 103
0 129
0 30
0 212
0 58
0 20
0 207
0 47
0 31
0 222
0 24
0 185
0 95
0 120
0 77
0 194
0 48
0 224
0 4
0 109
0 118
0 145
0 158
0 43
0 94
0 82
0 125
0 149
0 166
0 22
0 213
0 147
0 21
0 178
0 139
0 200
0 191
0 223
0 216
0 204
0 99
0 215
0 64
0 189
0 131
0 179
0 148
0 97
0 104
0 220
0 132
0 146
0 116
0 59
0 6
0 165
0 87
0 124
0 219
0 75
0 79
0 114
0 183
0 196
0 184
0 89
0 2
0 40
0 73
0 180
0 110
0 140
0 143
0 100
0 182
0 153
0 170
0 7
0 135
0 119
0 187
0 14
0 66
0 85
0 138
0 23
0 141
0 35
0 195
0 217
0 13
0 161
0 108
0 144
0 10
0 126
0 46
0 193
0 36
0 111
0 63
0 115
0 171
0 84
0 205
0 86
0 78
218 188
218 41
218 72
218 142
218 8
218 122
218 210
218 177
218 60
218 162
218 107
218 211
218 16
218 27
218 33
218 3
218 173
218 65
218 74
218 55
218 80
218 44
218 96
218 17
218 62
218 157
218 167
218 81
218 76
218 128
218 61
218 90
218 11
218 34
218 121
218 49
37 67
105 201
105 221
12 199
19 154
19 70
19 54
19 42
159 38
18 92
