434 10
1946717825 2041020115 1896799710 1502298737 226945221 1449834504 91074203 825474042 272902484 1011788550 730233542 287721043 1394805646 1276471653 723159992 1073921736 1227470448 1374573129 844721020 718076546 1669904419 743568575 914914683 1674601372 925689028 730194533 1791740605 1005339767 1369188310 1895483848 772414048 731095767 1707612701 245046609 181521551 654340001 1590154084 1138659441 1763607941 1205930085 1615680048 1785979684 1597444243 1087678466 253647484 946748309 1354338591 2015747244 2094016582 829104047 604857423 106894310 802253064 868630107 2005515281 1875489443 74151909 620782551 2081440982 190038713 1866573497 1469019921 317898321 395211640 276198410 1792210346 725256497 2015686210 222914266 22198733 783611253 2010482705 1990006551 2021979984 1963700753 689389406 1957903787 2048019593 1211656716 1708845805 782151977 1353409305 612127146 985943440 700875049 1541174800 333056289 1903835774 1589670077 1905368798 1069246974 445573621 1128657884 2112795092 1067707153 1269676498 1256969147 944150942 158392582 244394074 1948901502 1230864217 406488710 2052729299 2086674490 1808695593 812622217 1886419794 1729726219 837604896 1493664651 538082511 1740492745 663893645 65588824 1221050690 1962556270 1329977048 977480349 1386997752 1249089164 1165761909 1277047201 1270619227 1788933263 328184630 1776690333 1569976992 1672755294 707673540 2131519561 2065372648 513645994 1010875618 858861588 476551768 940487550 228291769 1255120532 1118515245 212182507 633144256 1560958533 1258885028 1012022904 1371965056 527655222 558285187 674953777 2015121510 106558651 1545514331 420041308 986183311 857555116 1864911699 2017139171 1286466432 267791061 878155540 1466812035 727433181 1990037922 871279682 330041118 1963887428 1987782580 1544241749 749704544 356883192 562037226 1433199526 1298124860 1647608089 1664641354 59618834 234327142 1364528224 976105998 1732313033 304311789 366285832 619862086 1998913548 1542049607 1924257701 1008600026 807767538 662551086 645699961 1096198591 557303364 1946338932 550281470 1516920402 1461254366 1023502957 1657686072 1867683761 102884932 1549996770 1733044204 473073180 1944930218 1320700732 1320197003 496327641 1908290305 730609644 749657522 1023385752 1464997712 1742740433 294438236 373137233 21275025 1691057600 636744406 923143635 2077098182 774230245 24620769 640078968 1861831208 1124431258 285298378 1694632318 156531152 44910824 1121204161 2134936900 1456835739 81062599 1794166690 970277927 928936495 954646458 611360013 855807441 1143282217 1809546911 748454643 992164665 1627134120 562648310 1484750418 411675338 1110695354 1127333067 713363953 2145370505 980418611 2122673015 320210376 925185226 27445069 1728688992 593342663 1855459831 860599597 1001664001 515281560 1479544462 244488420 447232760 1982116815 642981935 473823474 1997946784 869004712 204394471 1240663293 1658299645 2007598489 196366775 1537288785 660699270 1016269569 1412078175 14595907 217167254 1978281505 488451736 343287778 1740929946 1497338723 1929809754 1123439181 1459487112 436501920 173930687 2109640961 1408241579 250426566 139528447 229866028 973010827 1240485395 394172048 1796168566 892822161 1262176993 995281329 1246726598 1703256557 2028040937 1155497489 1882396550 87271061 338322277 493228475 564833532 2138693159 45777226 1003370224 969465313 955065636 28744426 2091444322 1220626816 1193737174 927098070 1295555855 1242254010 389202726 610481324 680420853 1837781700 1657293636 1107606651 1855668338 135125454 1207128151 1493958238 2140496747 257236974 1013521329 2027123628 1530142131 378772000 81775373 49047984 1060168502 415950680 204173345 1916961124 1151645076 227076574 1144730460 1949311027 1243283180 941079379 1324185977 1904436074 372404228 355534767 617888702 1243313395 3273802 683212339 1125402120 1735902503 1790627239 1866335178 1132144505 1056745229 433798131 1690665436 653283276 981416839 123874724 1466907311 801662092 1278435878 2082996750 1091870190 1676235164 1795866656 1392450392 2091090271 578282148 1233005853 2110523937 7337620 725543285 359378108 1649479178 35807354 1934058034 1728021096 1399711164 1829078619 1479044365 308490929 433943718 899881549 554713142 150482066 196905963 85509474 1602937048 1119931142 384117281 866458971 1801263033 699962650 132698124 1976083352 1184815275 1410686982 806813470 365830651 437002890 1959174536 859296838 435778125 754602373 813898900 1905423571 831414998 2040058107 778170307 804140483 1312557862 1636237353 1214596089 2004125619 848068279 2004922921 796347360 1549245199 325536660 1770426368 1149264944 
0 98
0 125
0 136
0 62
0 5
0 377
0 263
0 169
0 257
0 404
0 127
0 372
0 114
0 79
0 93
0 133
0 410
0 150
0 52
0 384
0 130
0 428
0 36
0 407
0 167
0 357
0 282
0 326
0 429
0 204
0 397
0 66
0 265
0 400
0 328
0 111
0 283
0 207
0 288
0 213
0 319
0 9
0 241
0 119
0 285
0 59
0 366
0 10
0 94
0 54
0 291
0 84
0 63
0 426
0 344
0 176
0 251
0 430
0 151
0 324
0 1
0 106
0 230
0 271
0 266
0 174
0 121
0 238
0 91
0 432
0 333
0 96
0 415
0 28
0 295
0 362
0 110
0 164
0 219
0 395
0 349
0 280
0 315
0 217
0 85
0 416
0 109
0 361
0 195
0 272
0 368
0 7
0 220
0 334
0 92
0 373
0 37
0 419
0 433
0 33
0 405
0 375
0 189
0 97
0 229
0 163
0 354
0 431
0 296
0 249
98 387
98 331
98 339
98 159
98 31
98 194
98 413
98 142
98 69
98 383
98 253
98 292
98 374
125 418
125 310
125 414
125 425
125 427
125 329
125 350
125 39
125 367
125 340
125 82
125 202
125 386
125 107
125 13
125 267
125 212
125 409
125 402
125 29
125 300
125 338
125 380
125 197
125 172
125 145
125 294
125 178
125 224
125 126
125 390
125 57
125 228
125 304
125 412
125 379
125 355
125 301
125 261
125 135
125 314
125 139
125 11
125 14
125 199
125 113
125 19
125 417
125 389
125 30
125 352
125 225
125 141
125 312
125 276
125 205
125 72
125 42
125 274
125 50
125 201
125 64
125 215
125 44
125 275
125 99
125 56
125 318
125 55
125 396
125 16
125 40
125 322
125 32
125 221
125 388
125 259
125 335
125 103
125 233
125 243
125 254
125 246
125 332
125 179
125 411
125 170
125 348
125 356
125 131
125 95
125 307
125 363
125 293
125 345
125 190
125 158
125 115
125 216
125 17
125 299
125 391
125 27
125 370
125 260
125 420
125 53
125 262
125 18
125 25
125 245
125 284
125 376
125 337
125 112
125 26
125 8
125 117
136 306
136 222
136 309
136 88
136 250
136 223
136 289
136 101
136 248
136 80
136 226
136 347
136 181
136 191
136 138
136 353
136 90
136 290
136 239
136 87
136 143
136 287
136 168
136 86
136 385
136 22
136 34
136 342
136 192
136 269
136 12
136 154
136 320
136 38
136 105
136 160
136 100
136 303
136 398
136 351
136 73
136 149
136 77
136 171
136 297
136 120
136 78
136 244
136 346
136 129
136 122
136 70
136 134
136 15
136 231
136 252
136 203
136 6
136 49
136 104
136 237
136 247
136 187
136 264
136 394
136 378
136 360
136 258
136 61
136 124
136 45
136 365
136 206
136 3
136 51
136 392
136 421
136 152
136 185
136 298
136 393
136 144
136 325
136 162
136 116
136 424
136 165
136 183
136 47
136 256
136 311
136 240
136 157
136 242
136 302
136 2
136 67
136 186
136 369
136 323
136 336
136 422
136 382
136 343
136 316
136 359
62 308
62 196
62 46
62 68
62 364
62 140
62 235
62 153
62 65
62 102
62 166
62 161
5 209
5 182
5 60
5 281
5 273
5 381
5 423
5 146
5 83
5 211
5 43
5 193
5 48
5 35
5 24
5 214
5 58
5 317
5 200
5 4
5 147
5 180
5 218
5 155
5 408
5 177
5 128
5 403
5 20
5 210
5 76
5 108
5 270
5 286
5 156
5 234
377 132
377 268
377 21
377 305
377 327
377 188
377 184
377 74
377 198
377 227
377 71
377 173
377 175
377 277
377 278
377 89
377 341
377 330
377 406
377 23
377 313
377 81
377 255
377 148
377 208
377 371
377 321
263 399
263 279
263 358
263 236
263 137
263 401
263 232
169 123
257 75
404 41
127 118
