5 4 -10 9 -20 -16 -16 21 -20 7 3 -15 -9 17 15 17 13 5 8 -24 -18 -7 -9 4 -20 -22 -5 25 17 -15 1 2 -4 -10 10 1 -1 20 21 -22 -25 23 13 -9 -11 3 -18 -24 -18 -11 3 14 8 19 17 -13 -4 -14 11 12 -4 -13 -12 17 -24
4 17 1 -8 13 -22 -8 10 17 8 24 -6 -10 0 -25 4 -23 14 11 -5 5 -3 -10 -10 -17 -24 11 20 15 -23 21 -13 19
3 4 6 25 21 16 -10 3 -12 9 -8 13 -17 22 -11 22 -19
2 3 4 -2 -10 -14 25 0 -20
5 13 0 -25 21 -4 4 -25 20 24 16 -16 -25 -21 -8 -7 -9 0 14 6 21 20 14 -5 23 12 -16 8 11 9 13 -1 11 13 24 -20 8 2 -20 2 25 22 -15 25 0 2 -8 16 1 -20 21 21 0 10 15 22 21 24 5 6 -19 17 4 -9 4
6 12 -14 3 2 -13 2 23 -3 1 22 -2 -7 12 -2 23 8 -7 22 17 -18 19 12 5 -2 17 12 14 -5 2 -7 22 24 -22 -1 25 -9 0 22 -13 0 18 11 18 -22 8 -10 -15 1 -14 -24 -18 4 -13 13 1 -22 24 -10 23 0 -18 19 -2 -15 17 22 -25 -9 18 -12 -9 -16 -2 8 -12 -20 23 23 -20 9 25 -12 -13 11 -25 14 -11 -2 3 -14 23 10 -20 21 -6 -4 17 20 -13 10 -18 3 -7 -21 -15 -20 9 -17 -22 15 -9 2 2 3 -13 2 16 -25 25 -7 -13 -4 2 17 -9 -4 -13 -17
2 3 -8 22 -24 -16 -25 12 -10
5 15 18 -3 10 -6 24 12 -20 0 3 -19 24 -5 -7 -5 23 -16 11 18 21 -7 -18 -5 10 -22 21 20 -22 -19 9 11 0 1 -17 -16 -6 -19 22 -1 -19 24 -21 -21 -7 22 24 15 5 -16 7 1 2 -12 -5 12 -9 15 -20 19 22 14 5 21 -11
2 3 -18 19 1 -20 25 -1 -15
6 17 6 2 6 -14 11 12 -14 13 -25 -20 -1 -9 -6 4 -15 15 -8 -11 11 -20 -24 -10 -13 -6 16 -8 -6 14 -24 -3 4 8 24 9 -7 -16 -4 -22 22 -4 8 -5 -14 -24 -2 21 -9 -11 -16 -24 -6 -15 -9 -20 5 6 22 -2 19 24 20 -3 -20 -8 6 -2 -25 -24 -25 22 22 8 16 7 -17 -12 3 24 -24 12 25 -5 -3 15 0 1 20 -3 -2 13 20 17 10 25 -17 -10 22 -16 16 22 5 12 -22 21 18 11 8 -5 10 10 7 -17 -21 -22 -2 -21 -22 -8 -25 1 5 20 -8 14 -7 0 -22
3 3 -7 10 -12 4 -13 -17 -4 23 16 17 -19 0 23 15 5
0 15 -17
4 1 8 -22 8 -24 -5 -4 -6 -6 24 -18 -23 -9 17 -10 20 3 -2 16 0 -12 -19 -19 14 -22 21 18 3 7 0 -20 10
4 11 -7 -17 3 -12 2 -4 -13 -17 -2 3 -1 13 23 -24 -15 -13 -25 24 -7 -19 12 -4 1 -22 24 7 3 -22 -8 10 11
2 7 -12 -3 -7 9 9 1 -18
2 8 -6 -17 0 5 -5 0 3
3 3 14 8 7 -9 -20 14 19 8 -20 -23 -7 -11 19 -20 -15
4 2 20 12 -5 -20 -15 15 13 10 19 -18 -16 21 -6 15 -17 1 22 -1 6 10 17 -12 15 -7 -20 3 -14 -15 13 22 -2
4 14 19 -14 -8 -18 24 -24 0 5 10 -5 -2 25 -23 24 21 1 -22 5 17 16 19 9 21 -4 -6 5 8 -10 -22 15 -3
2 18 14 3 24 -11 -23 -23 -2
5 3 -3 24 24 -8 24 2 -4 15 -8 -11 23 13 -16 -9 -8 18 6 -5 -19 -23 16 6 -10 -7 -22 4 -5 -19 -24 -9 -19 -1 -11 -21 -10 12 6 12 -25 -2 -25 23 -15 10 13 2 2 18 -3 8 20 -13 13 9 6 -9 -13 0 -3 14 -9 -23 -13
2 2 -24 17 -13 13 17 -16 -12
2 5 23 -24 -5 24 20 -9 -20
1 1 -8 23 9
5 12 8 4 23 24 6 9 -22 -13 -15 -6 24 23 -15 -18 10 -1 -25 -19 1 20 -21 -5 11 9 8 14 -24 5 -3 9 -11 -21 13 -14 3 18 -5 6 -21 5 25 2 -24 9 -17 -14 -17 8 -8 9 -23 22 3 13 5 -15 1 -20 16 -3 -11 -21 -25
3 5 3 19 9 8 -2 13 -19 -1 -11 16 8 0 -2 15 17
1 2 -13 -17 -22
6 9 -22 23 8 0 -14 -14 1 12 1 -22 6 9 -14 3 -3 -8 -24 11 -18 -17 -15 -21 24 1 10 15 -12 18 19 -20 11 -4 2 18 22 -12 4 22 -1 4 25 4 -13 10 -19 9 -23 8 19 9 16 3 14 14 4 -2 -22 17 16 -4 -4 1 17 23 -7 13 10 -4 9 9 25 -17 -13 -13 18 19 -5 20 1 -11 -22 -9 -9 17 -20 20 14 -17 11 4 -22 -19 -21 20 4 23 8 13 -7 -9 -4 -7 24 -17 -21 17 -24 -1 -15 2 -13 13 -8 -22 4 22 23 -7 4 -17 22 7 14 1 2 17 -2
3 13 -10 25 0 -18 -2 8 -14 14 -17 -15 24 -16 -3 12 2
0 5 23
2 16 2 -20 4 -17 19 4 -16
2 1 18 15 16 18 14 24 15
6 5 3 -21 -6 -25 14 -9 12 -10 -10 -24 -13 -13 8 -12 17 11 -3 11 -11 -20 21 -11 24 -16 -20 -10 -3 -22 -21 -7 12 7 23 6 7 11 22 19 0 11 -6 12 24 -24 -25 15 -13 22 25 -25 -24 -6 -10 25 -23 -5 14 0 23 18 18 -17 -1 -11 14 6 25 -16 -1 24 21 18 11 -7 -7 -15 -18 -21 6 7 -20 -19 0 -5 6 3 -11 -6 -23 11 -13 -6 19 -15 -17 -18 16 -18 16 14 -19 -15 -20 -9 3 24 -25 -15 -23 -20 -9 -18 11 16 -24 -9 -7 15 -15 20 0 22 14 19 -19 22 0
3 1 15 10 -17 0 -10 24 2 13 24 12 15 3 2 -3 -11
3 20 -21 -15 13 -11 -20 12 10 19 -21 -9 -11 -22 -13 17 19
1 5 18 11 24
5 9 -3 6 -12 25 -18 -16 13 25 -19 18 -15 19 6 15 -20 -9 -18 -16 7 -4 13 -7 -13 6 -11 12 -2 0 11 17 23 -18 22 10 6 -21 19 -6 -22 0 11 13 18 -9 -24 23 -19 -17 7 -13 -22 -6 5 16 -1 -6 2 -4 19 -13 12 16 19
1 15 0 13 19
2 13 -7 -22 3 -14 19 4 8
1 5 -11 12 -10
3 13 -20 6 -15 -18 -24 3 -6 14 18 13 -3 18 12 9 -14
1 18 -22 -18 -25
5 16 5 -3 25 -9 -15 12 6 -7 -23 -14 24 -13 -7 0 15 -14 -12 7 -2 -16 25 -16 18 -15 -12 -10 -12 20 -9 -23 -5 -5 24 -6 11 -17 5 16 -25 7 1 -1 -7 -7 24 -18 5 11 -11 2 20 -12 12 -14 23 25 -25 10 20 16 12 14 -15
3 16 -5 -7 -13 11 18 19 -14 -9 -13 -21 14 19 -17 24 7
2 11 -6 -4 3 -9 -4 4 -24
1 2 -13 -23 -21
3 7 24 -11 21 -17 -19 15 20 23 1 24 -15 -6 -19 -16 -24
6 11 20 -13 4 -14 -18 7 12 -4 0 24 -2 -22 -5 -19 2 -17 2 10 15 -9 4 12 -9 2 -4 -16 -18 5 10 24 6 5 10 9 16 -9 15 2 -14 -11 25 -17 18 20 14 -6 -23 -10 3 -9 -20 -18 -23 21 -17 24 -20 16 -23 15 -12 8 -6 23 16 9 13 5 10 -2 -6 10 -20 -14 4 19 -21 -20 9 -19 -3 -12 13 24 -16 22 22 -11 12 25 -22 25 -19 23 -4 -3 6 8 -24 -9 5 20 0 10 -20 -22 3 9 8 11 16 -21 25 3 3 -17 24 24 -3 -16 -3 25 8 4 -4 3 0
1 17 1 18 -11
1 17 24 -25 20
2 17 2 -13 -1 -19 -14 -24 9
3 4 7 15 -17 -21 -11 17 -18 10 19 7 12 4 7 -22 18
0 1 17
6 2 -7 11 -9 -21 -16 -3 16 10 5 9 -16 -14 24 -7 15 -13 9 -4 22 2 2 -17 -20 9 -14 24 10 7 15 12 -5 7 -3 11 -15 -20 -18 0 16 -14 9 -1 23 7 -9 12 19 25 8 15 2 9 23 -19 -8 9 -21 -23 15 -7 -12 -16 -1 -15 -5 10 -10 -24 -16 5 -12 -8 -21 -15 24 -5 -4 17 20 -22 -19 -4 -13 3 -24 4 -14 6 -20 -25 24 19 10 23 -22 -21 -19 18 -20 15 23 -7 -18 -24 3 -20 21 25 23 15 2 3 10 14 -20 12 18 -8 -8 23 17 15 -10 1 -14 18 5
3 18 -15 -18 -18 3 14 -17 6 19 3 -21 -10 -7 6 18 2
0 18 13
2 3 4 -17 -20 -6 -1 7 -21
0 20 -3
0 10 -22
0 8 -9
0 1 -16
4 18 25 -15 13 -9 12 7 14 0 -7 -23 -22 2 -17 22 0 -11 -24 -10 25 23 -9 -5 0 -2 -7 16 -12 22 -1 -20 -22
1 6 -10 14 1
3 6 -25 15 -21 4 -9 12 0 -10 -25 -25 6 -1 -3 22 19
1 12 11 11 -19
3 1 -14 -16 7 -25 0 20 2 22 22 2 11 -25 5 -23 -14
5 18 11 -21 -3 -16 2 18 3 -3 12 -12 -17 -8 -5 18 -22 -22 24 -22 -23 -7 5 24 -11 7 10 14 11 -14 25 -10 -23 -16 -5 25 18 -4 -9 -5 18 -23 -17 0 20 3 17 23 -20 -10 0 -17 8 -20 -19 22 -14 16 10 22 1 -17 12 4 -8
1 9 -16 2 -7
5 20 -4 -13 -6 15 -11 -15 12 -6 0 -14 2 -18 16 -17 3 1 -2 -13 23 25 20 9 3 -14 -11 5 21 -10 23 25 -17 18 11 -24 -19 25 -13 18 18 -14 4 20 19 19 -23 -4 20 0 -17 17 24 -23 25 1 14 -12 5 -17 3 -23 7 -15 -6
2 9 1 16 -2 18 -18 9 21
6 13 15 3 -2 9 -22 -20 25 -24 7 24 -23 -5 11 -19 -23 -12 8 9 23 2 0 9 -23 -10 -19 -6 -2 -10 -10 24 -9 4 2 -12 12 -21 -7 -15 5 -25 -17 -19 20 19 -12 23 6 -5 -20 -23 22 6 -14 -2 -5 17 18 -8 -19 7 -9 23 10 18 -15 21 -4 -22 -20 -25 -22 13 -18 -3 6 20 -6 11 -11 0 13 -14 5 -2 9 25 -10 -25 -8 -4 7 -18 -7 16 -1 -22 11 20 -19 16 -6 9 3 1 -20 8 -5 25 18 -16 -1 -20 -5 -22 3 3 2 18 -22 -7 14 -16 0 6 -25 -2 9
3 5 -11 -24 12 23 -22 12 3 -14 7 2 -22 16 -25 -17 -15
4 4 -13 4 -22 -10 23 17 0 22 -2 0 -5 6 10 -14 21 -15 -3 -8 -11 -16 20 0 16 -4 -23 6 21 -14 -10 23 -3
0 4 0
6 6 17 -9 20 -11 -10 14 -6 -1 -25 -11 10 -3 7 -2 -20 -25 -3 -5 -3 -1 0 17 -16 15 15 -20 -9 16 6 -18 14 22 23 -18 10 -13 22 -22 -15 -4 -7 -6 18 -1 17 -2 -1 -12 18 -5 -13 -7 12 -4 7 -25 2 23 16 7 4 -22 -23 1 10 12 -13 6 15 -2 -24 7 17 -6 -20 -17 17 -21 21 -17 24 -18 1 10 -22 8 -16 -21 -21 25 11 9 2 13 9 -13 24 22 -8 13 19 19 -5 -16 -13 25 -8 3 -22 -12 11 2 20 12 11 23 19 21 -24 23 -6 -14 -20 22 -2 15 8
2 15 -1 9 -22 -8 -22 -13 4
5 16 6 6 17 17 7 11 -23 -8 -17 21 -13 9 18 7 21 24 -23 18 -13 -16 14 -3 8 -3 0 -25 25 -14 -22 1 -10 -16 6 -19 -25 -13 -8 -23 5 0 -3 17 -17 -11 23 3 12 -1 -4 24 8 9 -5 -9 5 -6 16 4 6 -7 -21 -5 -24
1 2 -24 -3 19
5 2 18 25 -7 -25 14 -10 4 0 -11 -1 24 22 -18 18 12 12 -13 -24 15 -8 20 -7 12 21 3 -12 23 -25 6 25 1 -2 25 19 24 -13 9 2 -14 23 -25 -16 -7 7 -23 -20 18 14 -19 7 -20 -25 25 17 22 3 5 -7 -23 10 17 3 8
1 1 6 2 5
3 11 2 -19 23 20 13 -1 -1 5 12 -20 11 17 5 10 -17
4 13 -13 -7 14 -4 -15 -8 -22 0 -12 -17 2 18 15 -10 19 21 12 -13 -18 11 12 -14 -3 17 22 14 -4 -19 22 -3 18
3 4 7 -22 24 -2 7 24 11 -11 0 3 -21 -11 -4 -1 -25
3 12 -15 19 18 8 -16 15 -4 -20 21 17 -24 -13 24 15 -7
5 11 16 -18 -14 1 22 -15 3 -25 -1 -2 24 24 6 5 -16 24 23 17 -17 -14 12 13 -19 -23 -12 18 -25 -23 -14 1 -10 -24 -17 1 3 -21 11 5 -21 9 -22 -23 -18 9 -18 -9 7 -21 7 -11 -10 18 -24 21 20 14 13 20 17 -2 -5 -19 0
0 2 2
0 9 -19
3 5 9 13 -17 -8 -6 24 -1 23 -21 13 12 22 -11 7 16
4 12 10 -7 17 4 25 -9 7 -19 -8 13 23 23 -2 24 7 10 6 -2 3 -22 22 0 -18 -16 -14 -22 -2 -8 -7 25 10
0 9 1
0 2 -9
3 8 8 -1 20 6 22 -7 12 -20 -2 -16 8 2 -19 -18 -17
6 17 12 12 -16 -21 11 -6 7 3 20 -13 -6 -14 24 -9 -7 -3 -14 24 -6 -22 -16 24 1 -6 7 2 25 -12 11 14 -19 22 0 15 -25 10 -17 -19 -12 3 18 7 14 -10 -2 -19 13 -17 5 6 -14 14 4 12 -18 10 14 6 24 24 -6 4 20 -7 18 -6 3 -24 -25 16 -22 -8 22 17 8 19 -3 -5 -24 1 -25 -13 -10 -22 -1 22 14 12 3 -14 10 -4 15 4 -11 7 23 17 -18 -3 -19 -15 15 2 1 -3 -4 -2 17 -3 24 -9 -16 -12 19 -18 10 7 19 12 -8 3 7 -19 6 21 -12
4 12 20 0 -8 5 -11 20 5 11 -10 -23 -24 -14 -24 17 -5 14 10 -24 -2 17 20 9 -17 22 -9 15 2 11 2 5 23
3 17 -11 0 -7 8 -20 3 -3 -18 4 9 8 -5 3 -3 4
1 5 -5 24 -22
3 19 -6 18 22 -21 -6 -25 -24 -11 -21 16 -11 22 23 -6 -1
1 14 2 3 9
3 13 -20 1 -16 -1 -5 -17 2 -2 3 -5 -10 24 0 -17 25
3 3 -22 -10 11 0 13 4 24 7 4 1 -16 -13 22 14 17
-1
