Case 1: No
Case 2: No
Case 3: No
Case 4: No
Case 5: No
Case 6: No
Case 7: No
Case 8: Yes
1 (664,696) 
1 (816,834) 
2 (279,316) (628,664) 
1 (71,155) 
1 (468,521) 
1 (192,256) 
2 (163,192) (214,277) 
1 (17,39) 
1 (39,46) 
1 (431,468) 
1 (628,664) 
2 (317,400) (628,664) 
1 (357,400) 
1 (357,400) 
2 (155,163) (357,400) 
2 (49,71) (72,155) 
1 (521,587) 
2 (400,431) (432,468) 
2 (9,17) (18,39) 
2 (432,468) (469,521) 
1 (316,341) 
1 (469,521) 
1 (719,773) 
1 (696,704) 
2 (469,521) (564,587) 
1 (564,628) 
1 (272,279) 
Case 9: No
Case 10: No
Case 11: Yes
1 (722,731) 
1 (101,134) 
1 (594,603) 
1 (264,305) 
1 (60,85) 
1 (547,548) 
1 (358,395) 
1 (395,445) 
1 (198,264) 
1 (272,310) 
1 (17,31) 
1 (310,358) 
2 (85,101) (104,159) 
1 (135,176) 
1 (445,502) 
2 (176,198) (199,264) 
4 (306,310) (311,358) (359,395) (396,445) 
1 (748,818) 
1 (603,630) 
1 (502,547) 
1 (199,264) 
1 (640,684) 
1 (684,703) 
4 (31,60) (71,85) (199,264) (396,445) 
1 (878,879) 
1 (559,577) 
2 (396,445) (446,502) 
Case 12: Yes
2 (736,787) (788,854) 
3 (713,732) (736,755) (853,871) 
1 (649,672) 
4 (327,347) (348,420) (713,755) (872,885) 
1 (126,154) 
1 (232,309) 
1 (905,937) 
1 (471,494) 
2 (73,126) (127,161) 
1 (672,712) 
1 (787,842) 
2 (262,309) (858,872) 
1 (49,73) 
1 (348,458) 
1 (756,787) 
1 (167,170) 
5 (262,309) (310,320) (472,609) (756,787) (788,842) 
1 (161,167) 
1 (495,609) 
1 (495,609) 
1 (347,420) 
2 (164,167) (168,208) 
3 (437,471) (472,494) (495,649) 
1 (309,320) 
4 (17,49) (50,73) (654,672) (673,732) 
4 (9,17) (173,257) (262,309) (320,327) 
Case 13: No
Case 14: No
Case 15: No
Case 16: Yes
1 (443,476) 
1 (403,427) 
1 (157,169) 
1 (42,69) 
1 (69,92) 
1 (246,282) 
1 (578,579) 
1 (219,231) 
1 (500,519) 
1 (800,814) 
1 (84,92) 
2 (399,403) (404,443) 
1 (902,904) 
1 (21,42) 
3 (183,219) (493,500) (553,578) 
1 (552,578) 
1 (512,534) 
1 (297,298) 
1 (313,319) 
1 (641,646) 
1 (594,602) 
1 (264,297) 
1 (84,157) 
1 (230,246) 
3 (386,399) (428,443) (444,476) 
1 (655,718) 
1 (534,552) 
1 (202,219) 
1 (319,380) 
2 (522,534) (537,552) 
2 (537,552) (553,578) 
1 (108,157) 
1 (108,157) 
1 (833,834) 
1 (46,69) 
1 (444,476) 
5 (108,157) (158,169) (202,219) (337,380) (493,500) 
1 (482,488) 
2 (238,246) (283,313) 
4 (169,201) (202,219) (298,313) (314,319) 
3 (619,641) (642,655) (656,718) 
1 (914,933) 
1 (4,21) 
3 (380,386) (444,482) (487,500) 
Case 17: Yes
1 (804,874) 
1 (370,377) 
4 (283,317) (318,370) (625,689) (690,753) 
1 (785,798) 
4 (755,785) (786,804) (812,874) (875,945) 
3 (171,200) (201,247) (283,317) 
3 (120,138) (139,171) (610,690) 
1 (812,874) 
1 (812,945) 
2 (519,549) (753,755) 
1 (200,208) 
3 (103,118) (139,171) (378,472) 
2 (97,103) (415,518) 
2 (502,518) (519,585) 
4 (118,138) (224,247) (519,549) (550,610) 
1 (317,370) 
1 (875,945) 
2 (625,689) (755,785) 
3 (224,317) (318,370) (377,414) 
4 (138,171) (283,317) (378,414) (518,549) 
Case 18: No
Case 19: No
Case 20: No
Case 21: No
Case 22: No
Case 23: No
Case 24: Yes
1 (139,160) 
3 (74,81) (82,139) (698,729) 
1 (23,24) 
1 (411,474) 
4 (172,216) (326,343) (344,393) (698,742) 
1 (216,281) 
1 (42,74) 
1 (819,871) 
1 (426,554) 
1 (146,160) 
1 (393,406) 
2 (205,216) (217,325) 
1 (742,819) 
2 (406,411) (480,579) 
2 (81,139) (146,160) 
2 (160,204) (305,326) 
1 (343,393) 
1 (555,697) 
3 (394,406) (599,729) (742,819) 
Case 25: Yes
1 (494,869) 
2 (455,494) (495,869) 
Case 26: Yes
1 (597,799) 
1 (365,597) 
Case 27: Yes
1 (539,543) 
1 (770,793) 
1 (349,433) 
1 (0,48) 
1 (48,151) 
1 (284,294) 
1 (202,213) 
2 (345,349) (388,439) 
1 (19,20) 
2 (174,202) (203,284) 
1 (542,770) 
1 (151,174) 
1 (294,344) 
Case 28: Yes
1 (208,261) 
1 (315,361) 
1 (183,184) 
1 (361,567) 
1 (726,753) 
1 (567,568) 
1 (121,183) 
1 (53,121) 
Case 29: No
Case 30: No
Case 31: No
Case 32: No
Case 33: No
Case 34: Yes
1 (750,764) 
2 (765,792) (793,796) 
2 (345,370) (463,509) 
1 (46,47) 
1 (129,153) 
1 (713,750) 
2 (437,442) (443,509) 
1 (18,21) 
4 (124,129) (130,178) (193,201) (463,509) 
1 (67,107) 
1 (195,216) 
4 (52,67) (108,124) (202,244) (463,509) 
1 (300,345) 
5 (5,18) (19,52) (722,750) (751,792) (830,845) 
2 (765,792) (793,829) 
1 (509,533) 
2 (369,413) (463,509) 
3 (74,124) (217,244) (245,300) 
1 (824,911) 
1 (324,346) 
1 (178,194) 
1 (646,682) 
1 (463,509) 
2 (244,265) (271,300) 
1 (463,509) 
2 (712,713) (722,750) 
1 (792,793) 
3 (463,509) (520,537) (893,911) 
1 (390,413) 
1 (542,646) 
2 (534,542) (596,646) 
3 (596,646) (647,712) (722,750) 
1 (21,22) 
1 (442,457) 
2 (390,437) (462,509) 
Case 35: No
Case 36: No
Case 37: Yes
1 (24,298) 
1 (298,482) 
1 (333,482) 
2 (10,24) (25,298) 
Case 38: No
Case 39: No
Case 40: Yes
1 (781,803) 
3 (201,250) (719,732) (750,781) 
1 (718,732) 
1 (697,710) 
1 (345,392) 
1 (0,6) 
2 (330,345) (359,392) 
1 (117,187) 
1 (505,514) 
2 (299,330) (676,697) 
1 (633,634) 
2 (285,299) (359,392) 
1 (250,258) 
2 (201,250) (711,718) 
3 (393,404) (676,697) (698,710) 
1 (468,498) 
1 (56,117) 
1 (393,468) 
2 (155,200) (201,250) 
1 (644,665) 
1 (871,886) 
3 (54,56) (95,117) (201,250) 
3 (441,468) (486,505) (506,529) 
3 (6,20) (28,49) (200,250) 
5 (201,250) (258,285) (515,529) (710,718) (719,732) 
1 (515,610) 
1 (359,404) 
1 (732,754) 
1 (257,285) 
1 (530,610) 
1 (530,610) 
1 (841,842) 
1 (20,54) 
1 (530,610) 
2 (530,644) (665,697) 
1 (676,697) 
1 (816,841) 
Case 41: No
Case 42: No
Case 43: No
Case 44: No
Case 45: No
Case 46: No
Case 47: No
Case 48: No
Case 49: No
Case 50: No
