4 5
1 2
2 3
3 4
4 1
1 3

2 1
1 2

5 8
1 2
2 3
3 4
4 1
1 3
2 4
1 5
2 5

100 0

6 8
1 2
1 4
1 6
2 3
2 4
2 5
3 5
3 6

4 4
1 2
2 3
3 4
4 1

5 6
1 2
1 5
2 5
2 3
3 4
4 5

2 2
1 2
2 1

4 3
1 2
2 3
3 4

1 0

7 9
1 2
2 3
3 4
4 2
2 5
1 5
5 6
5 7
6 7

7 10
1 2
2 3
3 4
4 2
2 5
1 5
5 6
5 7
6 7
4 6

9 16
1 2
2 3
3 4
4 2
2 5
1 5
5 6
5 7
6 7
4 6
3 8
6 8
8 9
9 3
9 6
9 4

10 18
1 2
2 3
3 4
4 2
2 5
1 5
5 6
5 7
6 7
4 6
3 8
6 8
8 9
9 3
9 6
9 4
8 10
6 10

14 25
1 2
2 3
3 4
4 2
2 5
1 5
5 6
5 7
6 7
4 6
3 8
6 8
8 9
9 3
9 6
9 4
8 10
6 10
11 12
12 14
11 14
11 13
13 14
11 2
14 10

4 3
1 2
2 3
3 1

10 13
1 2
1 3
2 3
2 4
4 10
4 9
4 5
10 9
5 8
8 6
5 6
5 7
6 7

7 10
1 2
1 5
1 4
2 3
2 6
2 5
3 6
4 5
5 7
6 7

0 0
