29 27
87 89 45 74 100 11 50 74 54 97 21 1 73 60 84 41 41 98 37 58 17 86 32 96 84 1 82 18 69
18 9
8 83 51 81 82 61 31 55 66 27 27 67 52 86 50 44 78 99
29 29
15 17 18 11 53 70 92 70 91 86 76 98 20 27 78 1 39 60 56 5 87 82 23 38 20 24 81 49 22
17 15
36 80 5 46 32 27 89 54 17 26 29 14 45 7 43 46 46
18 15
2 89 86 24 78 57 47 10 58 20 73 45 7 52 1 5 84 27
17 15
43 19 17 8 63 24 51 60 21 53 12 22 93 98 97 70 54
1 1
11
1 1
7
27 8
8 24 89 34 69 29 29 39 98 88 1 73 38 13 93 42 24 14 34 73 10 55 79 4 85 41 69
24 16
40 45 55 64 33 40 84 62 20 22 59 8 74 31 45 86 75 87 62 40 72 34 1 27
6 2
63 5 24 2 4 63
26 4
78 30 49 61 43 69 82 53 76 56 35 20 93 9 58 54 48 30 40 48 8 3 3 70 7 26
8 2
41 20 19 18 2 68 79 44
21 18
49 63 19 83 34 12 92 92 65 91 73 4 91 80 59 45 1 17 23 76 27
27 24
97 32 48 16 10 44 3 74 92 65 92 74 99 3 17 42 20 60 14 75 50 45 85 46 45 2 68
22 10
30 19 76 62 66 92 23 9 94 48 100 11 40 74 9 94 42 2 65 1 15 92
5 4
76 48 55 77 15
14 12
97 45 32 10 62 23 84 71 68 32 70 78 71 95
8 8
89 39 81 41 53 72 43 63
1 1
70
22 2
48 79 56 44 62 17 5 84 1 27 52 32 49 29 54 95 67 21 83 5 53 24
1 1
18
25 23
11 93 98 18 92 28 26 35 90 42 92 25 42 18 76 25 66 57 30 61 75 51 95 31 55
22 4
79 87 64 53 49 8 2 67 100 29 44 86 70 85 77 95 79 95 22 55 60 78
8 8
4 39 67 35 93 36 26 23
13 6
75 23 49 76 41 100 57 84 85 26 21 14 72
31 20
94 5 19 23 41 43 27 31 9 13 24 96 38 46 70 79 21 93 79 48 33 30 56 69 14 34 89 79 5 39 38
15 15
57 73 36 51 99 66 59 11 41 6 48 87 76 78 59
26 12
58 52 85 14 20 51 47 8 81 3 98 19 1 93 27 73 80 77 23 97 87 85 38 92 84 24
27 17
34 86 69 91 90 6 56 9 8 54 69 88 57 66 6 9 10 32 33 89 60 55 86 46 39 75 38
13 7
56 35 83 94 56 73 83 61 29 43 68 34 63
7 6
81 13 98 90 96 30 31
20 16
16 53 74 42 42 48 39 50 34 73 95 89 45 77 1 25 71 20 59 34
8 4
14 91 98 55 38 27 85 45
5 2
50 88 93 91 87
8 4
73 55 86 61 52 14 62 76
22 21
86 70 59 86 35 49 35 41 39 13 26 83 27 29 32 67 74 75 53 56 66 25
17 5
38 14 17 51 41 1 83 79 22 42 64 56 42 50 49 80 62
8 3
89 54 46 55 27 72 59 83
15 1
45 41 25 10 57 75 50 10 57 28 31 50 43 39 44
3 3
75 6 12
16 2
65 87 52 44 58 10 26 47 97 22 87 21 31 96 95 32
4 4
12 87 5 54
18 14
98 15 23 3 26 63 48 43 49 99 86 59 60 63 5 9 36 44
31 23
39 76 49 95 31 60 81 35 66 58 83 63 72 57 17 50 19 16 44 68 66 29 78 77 43 82 85 78 77 66 95
23 4
43 61 23 55 42 57 72 51 91 86 74 47 2 75 66 69 18 85 34 98 62 62 40
22 13
17 72 64 11 38 56 6 99 78 12 92 34 83 42 25 68 67 23 21 42 88 89
29 19
74 9 85 35 48 32 33 65 3 96 27 92 3 84 90 80 95 81 66 77 74 42 96 93 64 16 34 4 4
20 7
77 52 64 64 52 95 48 68 49 96 46 40 98 30 30 78 76 62 95 53
26 20
100 80 51 16 65 54 19 8 81 48 12 44 63 15 90 10 82 38 5 27 77 3 56 58 32 32
26 16
36 59 13 35 38 15 2 2 69 73 61 1 72 24 96 34 38 85 43 19 22 100 98 50 54 53
12 9
36 27 14 23 85 78 10 74 92 11 75 60
25 12
12 6 11 7 39 100 91 34 71 64 85 68 14 38 72 21 74 60 99 39 82 35 16 43 8
14 10
34 71 40 72 82 46 34 89 36 34 31 21 4 95
6 1
8 94 94 80 19 53
31 18
87 12 24 29 71 83 34 56 53 26 27 34 71 13 74 58 46 5 31 1 99 87 23 6 33 68 85 3 21 14 12
8 1
35 87 47 17 21 54 21 46
16 11
68 92 28 77 89 84 59 41 82 46 63 39 30 31 75 32
19 10
43 61 16 30 47 62 46 67 67 19 64 99 25 83 42 4 60 31 88
14 5
69 15 86 60 44 68 34 28 22 74 22 82 89 51
24 19
49 47 69 67 10 19 91 93 61 94 4 91 81 21 13 2 36 50 61 31 69 46 58 90
31 10
71 12 82 99 14 30 45 34 96 6 53 86 50 13 32 53 55 64 74 19 65 61 21 77 43 89 75 53 79 45 84
19 1
65 99 21 95 95 7 42 1 59 80 50 23 11 3 29 26 28 47 91
22 9
19 82 8 45 86 86 90 69 86 97 34 37 70 80 31 76 21 83 86 100 85 60
17 6
88 88 66 86 30 57 5 48 38 12 45 76 49 34 44 34 82
13 5
3 8 53 78 81 35 15 80 19 74 94 57 61
28 18
47 62 30 3 61 20 14 5 95 62 90 38 47 72 19 69 26 78 21 4 58 7 70 90 78 44 83 86
31 7
60 54 76 41 56 36 60 21 41 6 82 30 96 81 53 14 1 79 91 73 34 49 79 3 90 8 46 72 94 54 38
19 10
13 45 63 100 5 83 40 10 17 22 5 49 26 70 49 4 61 21 37
21 14
92 50 59 89 73 52 42 10 56 1 74 100 63 73 56 97 65 18 65 86 74
6 1
44 13 67 56 85 55
3 1
46 17 94
9 3
97 80 98 52 80 23 3 94 95
3 2
59 28 7
12 9
72 59 44 36 77 99 21 83 66 8 81 82
30 27
22 49 46 19 52 26 41 54 71 88 64 13 98 43 72 46 44 95 56 39 30 32 90 2 14 55 9 46 89 61
25 10
61 10 81 12 87 73 18 57 60 33 70 10 76 41 55 19 35 10 57 16 93 98 18 58 53
26 12
93 39 67 2 99 76 82 63 62 7 80 19 66 12 40 27 39 80 81 9 66 42 18 81 34 15
27 7
67 76 99 11 66 65 13 16 41 46 78 54 52 9 24 70 73 63 48 11 94 29 20 59 70 37 40
15 11
89 51 70 16 49 32 33 13 44 49 5 42 78 11 45
29 20
66 11 49 14 73 94 42 44 53 63 32 44 70 83 32 72 4 100 20 35 32 85 31 32 41 24 62 51 68
23 12
34 62 37 47 86 30 40 30 34 54 61 77 76 95 61 47 50 12 19 85 43 55 67
25 20
90 88 98 57 39 86 42 52 22 40 37 3 79 66 37 85 27 65 60 73 77 58 23 88 76
18 9
30 25 61 77 66 100 26 22 38 11 16 89 84 55 77 86 86 43
9 8
21 91 33 93 19 90 15 59 18
25 16
99 49 53 27 14 52 52 88 89 62 3 29 97 9 5 35 46 99 60 67 71 50 99 64 21
22 18
79 10 55 71 60 3 23 87 17 74 38 56 14 52 10 42 48 18 98 34 64 49
24 6
19 95 33 34 15 73 64 93 34 70 63 93 72 85 79 40 58 69 47 23 72 56 64 71
24 2
5 41 14 98 22 84 92 54 18 59 78 33 51 11 2 66 56 25 50 86 17 60 54 63
5 2
19 98 48 44 63
14 6
76 1 57 11 44 11 28 2 40 12 53 3 13 18
6 2
19 43 6 30 49 68
19 11
86 61 72 81 75 75 64 2 75 73 12 19 83 40 20 74 51 24 76
28 17
85 57 64 28 62 93 76 29 56 52 67 68 76 99 42 50 63 43 77 35 55 95 69 46 66 94 48 42
9 2
86 6 71 49 33 32 42 60 13
9 6
31 17 39 29 10 88 43 5 64
30 11
10 97 56 28 43 55 21 64 22 6 69 92 55 2 76 48 13 40 96 76 70 64 66 98 26 54 41 30 69 21
9 8
70 47 58 12 53 78 75 74 83
20 18
89 96 93 36 61 84 84 88 53 99 54 2 24 7 94 5 27 15 96 57
26 6
14 47 47 43 21 20 78 15 89 66 11 81 54 23 16 89 10 68 39 63 22 15 21 15 19 100
12 7
56 64 8 70 10 54 64 82 26 41 97 14
25 9
47 12 81 62 100 90 82 38 5 3 52 77 17 23 76 50 89 32 65 96 53 75 2 16 8
5 2
56 92 15 14 90
6 6
52 77 88 33 14 92
6 4
20 55 92 96 4 80
25 19
27 31 95 80 98 2 58 6 10 2 20 23 91 97 69 94 73 56 26 39 99 64 8 18 19
10 5
22 82 43 90 60 25 36 40 23 90
19 2
99 50 100 21 93 48 41 86 73 48 64 11 98 27 70 16 45 20 32
13 7
75 60 12 99 96 51 21 85 52 1 83 53 52
29 8
99 96 31 23 95 46 33 93 72 54 60 69 73 91 39 25 65 98 37 64 45 39 36 29 90 88 63 43 91
6 3
42 65 69 64 59 66
18 9
90 2 10 58 75 1 96 51 17 45 39 80 90 78 68 70 67 7
5 1
50 50 100 91 66
6 4
24 86 54 27 75 56
25 9
82 88 31 32 5 75 23 36 16 100 55 86 18 62 18 31 11 19 30 53 84 1 58 59 38
28 25
64 19 21 99 100 60 29 83 64 56 5 100 71 56 54 8 74 67 77 4 29 47 85 81 82 85 91 41
2 2
25 38
10 7
37 23 57 17 57 72 72 14 71 95
10 7
54 94 43 31 49 24 77 33 4 59
12 10
51 44 99 27 33 22 24 69 44 32 38 53
17 8
66 26 55 86 2 61 80 96 43 28 19 71 13 75 81 34 72
12 5
71 58 61 44 33 82 40 64 19 92 18 79
7 5
86 94 96 46 25 92 88
28 14
10 69 88 91 2 60 21 30 82 78 90 25 10 71 64 25 89 7 43 20 15 85 5 61 81 2 85 24
2 1
85 50
27 6
40 10 84 61 39 65 90 29 41 52 51 5 76 40 63 70 59 78 55 15 90 87 16 74 62 8 67
8 5
75 70 49 37 5 9 75 69
20 15
62 53 6 66 81 97 80 50 7 57 56 21 46 94 88 72 55 95 38 1
17 12
22 51 100 79 11 27 47 13 33 60 65 90 77 45 86 57 47
14 5
2 16 11 96 3 34 50 49 23 2 4 86 76 54
1 1
65
2 2
29 96
5 3
86 88 90 23 44
26 5
9 37 82 71 84 37 56 86 37 78 87 40 15 14 46 4 67 10 19 71 38 15 82 82 52 21
8 2
17 6 44 25 95 78 47 30
2 2
15 2
17 12
42 97 67 87 1 86 48 19 56 37 85 89 70 88 61 41 66
29 22
9 53 44 86 99 74 51 52 88 5 34 41 98 83 60 84 35 45 83 5 52 71 90 92 40 29 52 32 94
24 22
55 33 25 92 84 50 43 87 38 47 21 30 44 55 89 79 89 85 13 93 36 35 34 79
25 13
83 10 8 63 91 62 47 67 54 30 17 48 17 54 46 89 35 41 43 24 71 31 8 35 23
10 9
57 26 94 71 8 3 30 22 45 44
7 1
49 98 80 48 66 85 93
13 12
85 96 42 55 26 2 89 1 49 9 9 74 2
1 1
57
16 15
1 55 75 64 3 25 43 50 90 79 94 44 98 78 91 91
13 9
92 24 69 40 32 29 66 34 59 99 42 70 5
31 30
32 10 79 56 4 29 45 83 74 40 80 52 83 70 87 51 62 11 71 53 42 99 70 27 57 20 68 78 77 14 2
11 1
81 63 26 61 59 8 34 51 87 37 33
24 20
83 22 86 53 74 27 51 96 6 59 15 25 36 91 38 90 50 60 70 12 86 82 23 45
31 23
84 4 57 92 79 39 13 64 91 38 42 93 33 47 3 100 72 38 42 61 79 92 21 48 55 58 81 77 2 96 1
9 5
57 76 29 47 40 44 89 78 85
8 6
84 83 9 7 73 3 67 51
19 16
51 48 96 31 77 98 78 29 34 28 86 62 8 32 1 51 21 30 88
11 2
71 88 100 77 60 2 95 62 47 82 64
4 1
47 23 78 24
16 4
4 36 25 63 20 77 66 92 7 53 44 46 23 31 97 51
16 15
45 56 97 78 19 43 59 17 65 36 93 16 47 96 3 23
4 2
100 75 65 6
27 17
3 1 91 51 3 85 1 100 40 50 77 10 44 35 27 9 23 19 76 21 66 30 44 27 4 43 2
20 20
80 28 2 81 19 52 83 55 5 82 46 6 11 55 49 97 33 9 19 3
23 23
20 66 35 47 69 77 100 88 76 79 16 29 59 34 32 94 40 88 27 85 93 89 91
20 6
24 54 56 78 42 47 50 7 81 96 27 9 47 14 36 25 29 64 36 14
25 4
53 35 7 37 28 96 80 73 33 3 26 88 32 67 87 81 25 67 28 3 76 74 69 11 51
11 3
86 63 74 66 67 8 72 56 87 19 35
30 1
89 37 91 20 55 77 53 32 95 32 34 70 6 2 33 56 51 11 93 65 84 58 31 91 29 86 30 48 20 88
23 13
76 40 80 31 68 32 62 63 63 47 84 20 1 68 27 51 78 19 15 61 76 97 4
20 3
33 4 54 72 53 62 48 45 41 30 12 24 43 26 38 89 10 10 41 77
27 25
7 7 57 67 82 54 22 38 88 6 93 41 78 98 2 77 42 94 6 5 69 100 31 59 88 92 68
11 5
3 23 74 9 80 93 43 85 14 32 72
13 2
12 49 26 66 25 67 11 82 23 80 81 53 38
28 12
57 100 64 11 23 89 72 54 81 14 38 47 97 61 18 25 72 18 50 89 94 68 100 75 91 31 7 95
15 1
39 76 78 54 86 100 42 57 5 75 22 94 73 71 54
6 3
77 7 45 66 52 64
30 16
54 99 32 49 18 9 39 45 86 44 82 37 85 91 93 59 64 86 83 86 39 72 81 16 30 77 33 81 40 1
2 2
99 41
22 12
50 84 64 87 27 97 76 63 39 68 74 3 54 56 88 92 80 20 59 61 48 43
28 4
95 51 37 45 92 82 64 93 17 27 31 95 76 6 57 14 74 82 68 27 90 8 70 69 79 81 29 27
13 4
18 70 25 54 14 16 35 30 60 3 56 90 97
18 2
5 49 21 87 16 47 76 75 68 96 54 100 24 32 75 98 49 96
18 6
61 89 88 90 48 90 98 89 38 80 84 42 28 4 80 96 2 7
17 11
2 23 21 78 6 47 75 54 42 96 7 3 36 46 92 83 87
13 3
76 21 59 18 48 62 49 43 16 56 65 89 57
23 19
34 45 8 8 50 49 55 9 3 90 6 47 24 93 35 99 20 55 57 37 55 70 38
31 8
93 13 25 49 4 86 35 48 45 94 49 45 1 57 48 42 63 94 66 7 80 16 26 35 72 15 41 41 52 89 26
28 2
2 44 57 87 30 4 31 24 4 76 24 61 75 65 75 68 82 33 99 97 10 85 68 24 25 61 27 14
30 22
67 39 18 23 78 99 78 60 22 81 35 97 93 61 14 67 80 47 51 79 96 61 63 15 36 88 75 15 53 12
18 7
51 5 93 28 4 70 39 77 50 74 74 95 86 39 61 66 85 12
30 30
24 58 47 59 97 21 73 1 33 61 19 35 65 63 14 20 32 52 97 34 77 22 28 63 60 40 80 96 3 27
16 10
36 74 37 33 94 9 33 78 21 4 64 38 18 77 57 2
2 1
87 57
18 8
71 85 5 2 81 60 28 8 37 64 81 73 48 26 34 32 56 54
7 6
91 5 48 100 6 28 52
6 2
78 9 59 62 65 12
12 8
40 1 61 55 33 33 54 11 18 85 66 24
10 6
14 28 83 13 85 62 17 28 50 46
5 5
7 52 71 53 76
9 3
88 68 38 20 21 48 90 6 13
5 4
100 78 56 83 43
29 9
59 19 45 56 6 4 14 57 27 66 84 88 71 71 56 8 43 28 7 32 33 71 44 61 70 73 68 52 15
27 14
25 29 44 80 34 100 94 43 78 59 26 17 29 49 24 88 91 52 94 22 84 64 17 97 34 89 64
4 4
75 36 80 3
8 4
89 83 53 83 60 63 60 76
9 2
100 31 98 51 25 71 86 40 39
13 11
80 98 62 35 24 49 66 26 32 25 66 14 29
6 5
44 60 53 87 19 52
30 7
54 93 39 39 85 30 73 9 9 70 22 95 45 23 60 22 54 37 88 20 17 39 96 60 98 48 98 17 51 67
28 24
11 75 95 95 4 19 56 64 40 77 58 84 51 70 5 5 6 44 76 22 83 71 34 80 71 31 48 21
11 9
77 60 11 23 6 14 41 61 30 80 90
10 3
40 56 67 96 13 63 71 87 45 94
16 8
64 2 24 84 3 59 12 62 69 34 19 35 74 80 64 53
9 3
67 60 10 86 56 22 48 78 60
21 17
31 67 34 85 42 70 87 1 81 100 21 15 18 55 40 49 70 45 69 72 11
7 3
48 36 54 95 13 66 38
20 16
57 69 80 98 90 18 50 23 17 71 89 87 77 28 35 47 72 4 70 35
22 14
82 19 55 29 83 20 66 66 68 74 87 99 24 28 17 73 50 85 95 38 71 24
22 22
70 89 13 39 23 96 40 57 14 46 85 96 18 2 14 85 76 52 83 99 79 51
20 9
36 70 18 58 93 35 67 62 24 79 52 98 74 43 54 39 88 38 87 5
1 1
89
17 15
24 17 33 74 91 13 61 60 31 71 52 65 37 65 40 16 16
17 11
10 91 80 98 81 18 54 72 69 95 90 23 18 6 55 43 48
14 6
8 2 78 59 66 14 76 58 81 43 95 74 53 37
14 10
17 22 55 40 90 49 29 64 18 86 18 13 34 89
16 1
90 45 3 8 10 78 65 43 21 11 16 25 47 20 26 16
31 16
7 34 29 36 97 98 73 66 10 6 55 29 50 44 73 53 51 35 30 67 29 2 77 44 26 76 15 3 43 7 83
2 2
63 84
22 10
9 53 22 66 7 50 16 3 75 68 53 61 49 20 89 3 48 32 80 23 98 83
23 21
65 14 47 79 49 34 90 57 86 11 23 45 13 38 47 87 57 99 47 57 70 35 59
17 3
39 92 67 21 9 22 37 22 68 67 22 1 56 31 38 19 53
30 21
42 28 17 50 79 15 6 48 1 65 17 70 3 61 36 75 69 9 63 42 76 29 63 28 84 93 65 54 97 99
14 6
26 52 39 56 18 45 56 18 9 72 87 63 84 74
9 6
82 51 93 9 31 8 36 66 52
6 6
49 51 3 90 28 7
16 8
24 25 91 94 85 62 80 47 98 6 87 49 87 89 94 96
6 5
83 84 52 35 3 52
6 4
42 17 16 22 100 39
5 5
32 30 3 64 28
5 1
14 1 7 54 94
22 8
94 37 7 97 71 10 1 60 19 94 76 34 15 27 24 12 68 8 41 22 23 20
5 3
85 74 1 38 19
31 13
64 91 67 60 13 76 12 24 46 5 99 31 71 25 55 82 44 62 74 66 36 45 39 78 29 64 78 18 82 84 78
4 2
45 56 39 72
17 2
18 24 13 48 95 89 54 28 33 15 54 50 50 98 40 79 27
24 17
96 36 92 74 80 18 18 87 8 41 54 69 10 78 33 58 24 22 63 51 6 30 56 55
11 10
94 10 32 48 18 27 83 61 100 62 78
24 16
37 10 54 58 19 83 90 28 58 63 91 60 68 20 16 22 50 69 67 11 100 14 80 78
30 21
78 61 70 98 61 7 7 14 64 78 48 53 5 5 16 47 64 35 18 79 57 68 99 75 78 50 41 58 28 88
8 1
49 19 6 9 25 65 74 40
18 11
93 98 25 60 45 40 94 14 71 2 81 21 29 11 71 69 20 50
12 1
58 56 39 63 64 64 27 37 55 68 9 99
14 7
58 14 25 4 27 47 57 60 67 85 70 89 53 41
13 6
9 47 16 47 10 80 62 36 68 69 56 77 67
9 1
25 38 37 80 16 35 36 75 2
18 12
90 25 84 80 85 44 26 1 43 35 32 56 23 99 24 30 27 91
17 14
67 43 28 46 58 63 33 85 64 53 80 5 78 64 84 14 59
28 14
53 48 97 9 70 48 84 51 74 26 56 65 92 50 93 89 60 7 22 44 70 26 23 26 55 38 62 69
20 3
82 1 70 31 61 92 78 45 94 51 70 50 68 62 51 12 2 10 18 23
4 3
49 28 64 55
17 4
23 13 99 57 14 21 87 74 64 64 70 9 66 40 10 33 53
19 18
54 70 61 29 75 99 29 2 15 83 18 91 6 31 42 62 96 14 48
27 2
63 39 85 28 30 95 61 82 7 56 35 76 17 63 2 67 43 55 33 26 73 24 31 3 17 44 98
16 7
18 58 5 8 94 32 37 40 44 18 46 52 5 74 20 19
30 26
62 82 71 87 54 94 69 56 62 64 5 91 6 22 100 10 82 93 93 18 85 89 88 30 40 44 55 59 62 82
25 25
63 66 13 16 11 81 23 72 96 27 14 1 100 13 62 81 58 7 99 42 95 38 23 34 81
14 2
94 11 39 69 25 5 81 40 67 14 14 39 9 40
9 2
91 17 23 72 74 29 22 67 75
24 5
60 91 18 3 84 80 94 52 4 50 85 95 16 98 8 6 58 99 58 19 90 26 94 61
27 22
34 17 97 92 5 8 82 75 11 65 54 56 69 58 5 53 4 20 50 12 26 59 10 35 78 99 12
10 1
10 44 44 78 92 87 34 100 20 8
11 11
14 17 57 71 73 9 26 92 10 37 69
9 4
55 97 97 66 19 60 27 15 55
29 24
94 38 57 13 97 70 1 10 86 57 32 58 17 58 2 26 94 22 46 92 77 94 41 42 13 100 21 27 54
10 4
99 13 93 64 10 62 64 19 100 73
30 9
41 8 10 19 53 84 64 45 60 9 85 53 21 36 73 99 41 49 35 40 61 27 3 22 40 18 41 39 42 43
28 7
2 9 1 54 92 16 50 3 24 86 56 97 21 80 47 14 28 81 53 41 7 7 62 47 76 54 37 18
22 12
52 49 45 52 3 36 19 4 39 42 90 46 90 62 25 37 75 5 17 27 97 76
14 12
74 61 64 10 78 63 46 29 12 42 32 66 77 50
26 3
43 58 12 33 20 89 21 46 93 37 73 41 64 9 50 37 69 65 99 98 28 96 26 39 37 9
26 3
10 24 84 5 34 95 89 5 35 9 50 79 97 74 19 61 83 69 49 51 33 99 49 12 94 26
19 13
87 5 99 96 81 82 100 14 28 40 18 63 48 67 41 45 41 12 5
11 10
5 25 16 4 25 28 49 3 29 83 89
10 1
36 14 62 88 79 41 27 96 3 75
29 21
71 54 7 27 76 38 31 1 53 34 77 32 35 79 61 17 67 46 49 3 11 62 42 89 2 68 84 5 94
12 4
64 99 58 90 26 47 21 78 51 6 55 83
13 13
95 8 52 40 8 54 50 69 47 38 71 14 21
27 4
17 78 71 67 35 13 45 33 33 22 83 90 28 17 82 61 63 41 12 2 49 17 51 17 63 40 87
22 6
13 87 81 90 58 47 76 22 43 8 54 17 43 95 44 11 76 56 74 17 19 75
7 3
78 33 1 69 20 29 81
12 3
61 26 24 59 1 45 54 61 50 70 55 45
2 1
72 69
28 16
39 17 4 26 46 89 26 14 8 54 46 43 21 58 68 44 69 21 41 22 81 42 91 87 86 55 51 10
6 1
49 14 9 5 39 54
31 9
19 52 70 65 94 90 74 14 85 42 34 25 15 66 67 5 52 4 12 54 65 86 46 14 99 54 18 89 59 62 53
22 5
22 94 6 63 19 71 47 13 4 24 27 69 90 84 72 45 95 26 10 80 71 75
16 1
92 19 87 5 71 16 17 44 61 74 58 80 45 5 92 48
30 20
69 69 53 40 65 47 17 26 79 40 100 9 16 43 79 54 47 50 70 63 45 82 89 3 13 33 59 56 32 38
7 6
58 78 92 22 77 8 48
16 3
99 15 14 42 93 20 40 94 41 3 91 22 91 45 35 75
8 6
6 40 67 6 49 97 49 70
1 1
69
16 15
20 45 20 61 89 39 100 35 79 54 25 53 96 69 39 70
21 2
76 14 47 33 62 43 81 31 67 88 52 97 94 71 93 66 83 81 4 34 15
26 20
91 39 83 59 77 53 81 56 80 94 2 12 7 96 44 38 14 83 41 62 29 63 54 94 45 87
13 11
53 83 17 44 73 100 54 49 4 87 5 83 32
22 12
39 6 41 28 19 23 68 81 51 30 86 96 26 24 45 3 77 79 20 72 52 71
25 25
74 11 56 8 95 14 5 33 19 97 60 89 71 79 21 22 60 7 69 85 82 13 87 58 92
25 4
95 28 6 94 53 68 50 12 62 15 68 46 33 64 5 73 35 35 94 8 94 52 76 78 33
9 2
43 84 26 23 78 6 28 71 10
16 16
74 61 86 41 7 70 57 63 43 91 98 88 50 43 91 77
15 8
17 89 17 52 66 40 29 71 19 52 81 66 23 54 27
13 10
33 82 2 47 24 44 44 63 45 39 53 22 11
29 14
99 44 42 64 35 22 87 54 73 19 71 48 24 97 8 69 81 89 23 80 65 66 23 79 63 61 32 36 71
30 25
21 6 18 37 41 92 75 46 64 93 16 11 16 65 70 84 97 59 58 76 75 76 51 53 38 63 36 73 86 46
24 6
4 19 94 96 10 20 41 73 12 8 36 27 24 5 63 21 15 20 48 89 95 50 94 84
13 6
8 98 27 57 7 30 75 53 77 84 72 17 8
17 11
95 62 100 100 24 72 66 96 71 55 42 21 48 78 33 28 85
14 14
41 88 35 67 40 11 2 64 79 10 47 7 4 8
14 11
84 81 21 31 51 27 24 71 26 1 55 53 86 88
2 2
28 45
14 1
56 46 82 86 7 80 44 63 40 1 17 23 81 89
13 11
15 28 6 40 81 61 45 66 100 3 43 27 47
7 4
54 85 79 92 43 11 35
15 5
88 74 24 20 62 28 3 29 7 9 20 87 21 16 52
22 14
47 99 17 85 96 22 21 26 65 64 36 100 20 37 39 93 60 58 7 87 13 87
17 8
6 32 41 22 84 12 91 82 62 59 18 57 81 39 35 45 2
18 10
21 59 86 66 18 44 24 57 8 10 2 28 15 33 20 88 68 83
11 2
45 89 67 53 21 57 87 18 10 61 65
21 1
51 47 40 46 70 96 53 79 49 32 46 82 51 85 1 33 67 50 77 8 68
26 2
76 68 97 85 80 62 66 2 12 65 42 9 34 89 61 65 38 92 62 19 94 98 19 26 65 20
30 22
39 36 51 66 55 48 50 87 9 68 88 72 32 29 80 17 18 92 33 7 83 46 25 28 44 95 53 60 67 59
7 7
46 85 23 53 32 72 39
22 17
78 15 22 59 94 39 28 85 71 34 19 17 58 46 12 4 51 23 70 61 57 27
10 1
49 11 25 72 1 68 63 78 83 84
12 12
22 63 65 45 96 83 61 5 81 24 9 83
20 10
43 54 8 1 94 8 63 70 80 63 38 42 93 20 25 28 99 99 43 63
7 1
46 55 95 78 78 55 12
7 1
54 80 44 7 25 51 21
3 3
84 84 75
25 5
100 55 53 98 97 16 40 87 13 46 33 90 23 39 1 49 74 6 80 69 64 4 72 85 50
18 4
33 28 95 87 79 1 40 28 50 7 19 36 19 64 20 60 38 58
26 12
83 17 17 52 33 20 23 17 70 27 88 54 6 34 41 36 34 32 63 83 38 33 70 8 96 89
29 8
98 78 70 81 46 38 84 78 58 58 46 79 36 33 32 42 66 24 29 52 7 92 34 44 24 56 51 72 44
19 1
94 46 78 26 92 15 9 21 24 18 67 2 53 99 86 46 17 9 75
3 2
18 53 11
28 28
14 64 4 82 72 49 80 49 74 71 15 82 91 39 99 9 40 3 60 77 49 76 86 23 95 53 40 99
29 14
59 28 48 14 10 19 62 41 67 87 11 81 20 53 71 70 62 11 72 21 39 20 48 24 94 94 28 33 44
11 9
54 70 16 67 31 34 80 71 52 66 33
7 2
38 55 6 99 17 78 71
13 5
70 31 43 15 58 27 58 100 43 12 22 58 30
23 6
62 75 94 79 59 78 16 96 32 21 94 100 98 16 54 47 85 84 89 99 94 67 9
4 2
72 66 19 1
28 2
14 44 7 93 2 36 8 98 19 28 43 18 78 11 24 76 47 7 16 46 52 82 6 97 43 77 62 14
27 17
27 43 26 85 35 80 21 94 77 39 73 71 9 50 81 32 77 28 90 92 25 42 74 82 38 68 58
17 16
38 82 7 80 7 92 66 86 64 59 14 2 32 85 62 33 17
1 1
96
31 16
72 24 26 53 61 94 10 11 74 100 92 33 79 99 76 97 36 39 55 50 92 38 86 54 23 2 98 32 98 32 84
22 15
62 22 67 55 83 78 80 34 21 64 13 19 39 61 7 29 15 56 73 5 41 78
23 15
75 10 91 7 45 12 13 6 85 80 60 19 9 92 53 81 55 17 52 46 77 58 74
4 1
98 47 53 75
20 6
50 34 37 56 79 100 20 84 84 99 96 2 59 39 54 40 45 22 91 90
11 7
16 41 12 13 87 64 88 64 61 37 97
12 8
27 48 63 63 31 14 10 85 24 48 38 15
9 5
57 82 9 4 49 49 67 61 88
9 5
51 91 36 47 39 31 26 87 46
20 9
11 97 53 86 44 43 1 87 54 57 68 62 13 68 11 79 29 98 9 28
4 3
16 46 41 98
9 9
95 10 48 5 58 52 91 53 94
5 5
47 99 59 61 11
16 7
42 55 20 50 34 19 52 1 16 44 99 39 23 45 100 22
21 6
73 92 62 67 86 1 65 84 60 25 47 86 47 88 92 66 89 77 36 92 78
6 1
28 94 9 72 45 30
2 2
55 16
22 1
1 16 37 37 27 62 83 12 8 22 55 26 10 32 13 53 61 16 87 88 61 48
22 2
77 84 11 31 99 26 3 100 42 40 36 68 53 70 32 60 91 38 37 52 69 50
11 2
17 42 68 30 89 79 87 18 62 97 100
28 19
55 11 16 94 98 35 98 67 18 9 9 56 46 60 76 47 15 57 15 57 24 96 97 2 82 14 15 79
4 3
53 20 89 20
23 2
54 62 5 24 70 14 79 67 25 6 13 92 62 80 48 86 75 96 39 9 10 6 87
21 12
91 46 72 10 10 10 15 71 15 90 92 80 20 59 56 26 23 47 87 2 46
15 9
42 15 37 51 20 75 77 3 65 74 74 26 83 84 92
5 5
82 44 81 1 54
19 12
77 83 65 78 28 88 58 69 2 94 71 73 68 99 75 84 72 1 9
22 2
53 58 85 86 54 17 86 59 52 64 35 86 80 65 66 19 22 86 21 16 9 93
30 7
20 19 31 72 27 36 7 31 46 43 16 51 59 54 9 10 69 44 48 48 60 13 66 81 98 38 48 6 83 83
28 18
1 95 73 79 82 31 10 27 73 77 77 31 30 86 92 98 81 91 45 40 3 63 72 53 100 20 10 34
26 16
87 54 20 11 84 2 41 45 80 13 22 57 95 51 94 39 49 26 29 45 17 84 7 88 88 59
28 1
92 12 23 79 17 94 41 53 95 82 97 27 46 70 35 93 21 28 83 21 53 11 17 21 46 76 8 33
1 1
82
8 6
4 7 51 97 48 3 44 81
8 6
26 21 4 70 93 83 52 65
4 3
81 7 60 56
4 1
41 84 26 18
3 3
76 68 29
18 14
72 55 24 93 33 44 48 54 88 82 6 52 68 20 33 26 31 88
14 13
81 27 4 50 44 84 25 63 13 52 84 36 58 8
1 1
3
3 3
43 62 1
2 1
20 78
14 12
18 98 29 98 24 32 47 20 68 23 82 32 74 18
7 1
77 99 73 31 79 68 25
27 1
19 20 91 48 26 93 65 23 73 14 99 4 12 18 71 35 51 54 60 20 73 43 48 71 68 79 1
27 10
92 7 73 64 97 73 89 41 37 64 13 3 62 69 14 31 91 100 33 45 60 53 17 54 52 39 73
13 9
60 37 83 18 61 98 14 33 87 7 22 50 19
6 5
39 89 93 30 89 25
3 1
29 90 53
14 12
78 62 71 37 50 6 54 11 3 19 43 41 77 64
13 12
39 4 34 28 96 15 16 73 88 67 1 29 71
27 25
48 47 31 84 96 88 89 6 43 60 49 83 36 64 25 83 3 28 17 82 76 83 49 48 71 15 100
29 14
33 59 33 31 42 68 26 29 9 32 23 68 32 6 3 47 82 86 49 61 54 82 36 36 30 35 58 44 35
21 10
19 67 65 49 60 84 74 89 92 57 63 59 88 68 14 35 1 99 35 62 4
29 29
91 98 84 49 94 18 57 74 36 23 90 84 83 73 9 23 65 66 37 75 5 5 88 91 57 38 78 18 41
30 19
32 95 2 80 88 19 36 13 6 10 2 41 44 27 1 18 43 66 55 17 23 11 5 65 67 94 42 37 35 87
2 2
82 8
29 14
78 36 34 83 97 87 75 93 13 75 10 7 93 16 24 67 78 80 31 45 73 73 33 59 11 39 28 44 46
30 7
23 63 50 57 60 88 31 52 53 57 13 59 1 29 82 67 6 13 98 2 86 22 86 96 32 24 24 28 69 99
18 7
62 45 99 73 32 81 24 84 38 36 43 38 16 76 57 22 89 54
11 4
75 61 21 58 84 96 85 5 95 80 47
26 2
98 32 56 78 55 91 67 42 85 5 58 13 61 31 53 66 5 78 92 65 50 49 1 46 86 5
25 15
3 51 89 100 82 96 78 36 38 44 29 75 100 86 87 12 16 39 29 73 68 20 37 17 69
31 22
6 93 5 70 96 55 10 47 88 57 76 75 95 20 4 21 71 41 7 35 57 97 63 29 64 83 17 32 3 6 46
23 15
2 29 45 9 91 92 96 47 67 71 93 38 26 13 61 66 71 95 74 67 9 54 82
20 11
14 45 28 11 4 77 12 33 22 72 75 65 68 73 83 90 66 73 15 30
26 12
53 79 6 71 87 59 53 30 29 18 74 8 28 30 85 91 14 6 63 88 22 82 60 4 71 77
19 4
59 12 16 11 90 21 81 77 32 85 58 12 2 83 20 81 12 4 72
3 1
86 12 82
10 4
37 37 100 65 73 58 28 40 20 18
11 5
46 44 37 3 55 39 85 26 71 97 29
18 7
89 79 85 22 45 8 11 33 59 27 57 69 54 49 88 71 13 40
17 16
77 70 62 15 7 40 37 55 68 31 27 9 9 63 30 6 22
7 3
81 66 99 49 20 47 36
20 19
76 10 66 4 31 79 70 37 18 6 91 86 36 18 46 45 32 75 2 54
30 1
34 84 89 34 55 87 21 97 45 48 6 62 51 88 41 20 25 58 26 67 95 13 84 40 9 68 67 10 21 85
22 2
68 93 39 23 80 59 71 76 7 28 38 9 15 30 29 39 39 6 6 34 18 41
18 17
8 91 88 80 27 40 33 95 85 23 69 64 82 39 91 40 66 80
20 20
9 28 71 48 85 28 33 55 20 57 33 28 100 72 59 26 12 44 72 48
28 4
11 99 78 1 38 95 33 38 27 41 17 97 88 54 76 72 8 95 29 92 74 80 63 33 5 26 76 29
30 21
68 83 40 98 36 29 92 68 18 70 60 87 66 100 40 41 71 99 88 51 90 61 30 4 93 87 30 68 15 2
27 11
37 52 31 24 80 75 43 50 44 2 36 62 1 27 2 24 77 89 74 66 2 4 69 94 90 50 14
13 11
74 89 88 25 20 63 56 46 5 5 89 6 92
4 3
18 4 82 94
15 12
11 45 10 32 39 51 33 52 6 84 25 47 23 1 66
2 2
11 41
26 21
99 4 1 9 74 4 42 19 47 48 82 92 58 13 82 60 45 85 18 81 9 64 55 61 81 92
9 7
32 28 93 30 32 45 90 57 100
30 5
47 79 56 90 88 20 23 47 17 7 16 97 67 79 3 27 59 94 94 53 26 22 46 7 5 42 97 61 42 27
12 8
57 43 81 44 62 3 91 78 9 58 26 27
2 1
53 47
14 6
100 99 19 97 58 75 38 6 87 79 84 74 18 41
25 23
84 29 52 26 59 60 84 84 86 72 64 90 18 38 88 69 36 6 65 45 33 3 50 19 33
17 11
3 74 59 52 9 88 4 35 98 15 70 81 1 41 45 42 10
18 17
79 69 87 43 14 19 97 15 89 82 48 81 84 73 91 35 82 30
24 8
27 53 37 8 5 29 4 98 38 37 27 16 57 65 11 22 83 59 37 71 40 84 3 23
13 13
10 90 75 47 57 2 51 45 61 7 73 16 5
31 30
31 78 60 47 88 82 29 46 70 51 38 53 6 60 61 51 21 2 77 68 58 78 70 54 90 77 26 5 81 88 8
10 7
20 9 4 1 89 1 70 91 38 74
4 2
87 50 70 88
9 9
98 4 11 51 94 87 29 50 19
8 2
33 84 77 41 39 29 81 39
24 7
29 75 71 30 13 72 51 1 98 40 50 54 50 100 99 88 80 48 6 47 57 38 30 85
23 11
65 62 59 14 36 87 41 58 68 53 30 18 5 27 9 54 80 58 6 78 97 85 78
31 24
34 43 13 19 72 81 83 85 39 49 21 77 41 78 96 93 59 13 98 86 22 3 17 31 8 95 28 93 72 81 76
22 20
88 75 47 20 10 84 58 10 56 86 50 85 81 42 44 46 91 81 19 94 97 49
11 2
28 97 14 61 72 71 36 12 97 82 31
27 7
41 67 72 26 16 9 59 10 52 56 52 32 74 97 28 74 50 71 2 46 36 14 70 58 49 81 7
21 6
64 99 3 83 22 81 98 30 91 59 33 46 11 16 71 59 96 44 8 66 97
22 17
10 75 11 10 7 17 92 69 32 42 72 14 63 4 64 45 94 74 29 91 36 45
29 21
92 4 2 9 53 7 61 14 33 23 24 91 91 67 60 23 8 83 88 22 86 51 18 31 25 47 21 60 43
10 4
34 36 8 42 40 66 54 54 51 77
23 13
67 95 52 89 2 86 77 75 23 79 93 53 55 91 73 67 33 5 20 18 93 79 11
7 7
64 85 95 40 65 87 59
5 4
47 12 24 75 87
11 1
31 99 60 21 24 26 5 80 98 22 72
1 1
4
3 1
40 18 39
27 6
97 15 95 95 27 18 70 13 16 75 95 67 86 15 90 12 19 21 9 92 93 36 75 48 60 73 39
12 11
95 33 7 10 27 2 88 97 23 52 12 49
9 6
34 60 19 45 30 40 5 73 32
14 1
31 52 71 21 80 82 16 13 40 77 91 93 64 87
9 7
99 15 12 28 1 23 47 97 52
4 2
24 69 46 22
23 10
92 71 28 73 86 92 65 14 83 57 29 69 24 95 19 90 58 47 90 80 93 87 31
8 8
6 98 85 27 48 33 19 18
11 10
56 4 7 69 86 16 50 6 91 44 25
5 4
23 22 33 67 8
11 1
99 21 45 83 48 92 67 66 9 78 60
23 2
67 85 66 34 86 24 24 81 100 55 34 22 76 67 40 35 82 35 33 2 79 67 49
29 28
66 82 63 26 98 43 44 34 61 77 19 84 52 99 83 6 33 56 82 51 95 68 32 81 1 33 11 19 34
12 8
51 13 66 76 62 60 71 95 72 99 13 7
5 2
41 56 96 96 89
1 1
8
12 6
8 61 84 27 94 67 82 97 32 47 72 93
13 6
88 30 93 100 36 95 63 77 2 58 72 42 55
12 1
31 87 57 44 23 35 89 89 16 85 20 14
10 3
71 3 52 100 47 3 36 41 66 12
2 1
35 83
31 7
32 64 39 40 7 61 26 96 1 93 32 21 6 40 85 28 94 36 28 41 90 15 81 7 26 75 34 12 57 15 12
16 2
2 79 85 14 56 32 14 48 63 86 5 3 70 33 96 57
29 11
99 26 69 5 3 95 38 14 51 52 77 43 30 78 21 66 91 29 97 57 76 11 42 33 65 64 65 13 72
10 10
70 53 20 75 55 14 12 20 17 16
5 4
97 26 31 62 17
28 14
25 87 20 66 19 85 81 35 49 53 62 48 22 14 68 96 20 33 60 39 49 27 35 59 23 61 90 84
6 4
45 53 86 64 70 56
11 6
90 48 3 51 48 76 16 67 24 35 99
13 6
100 61 60 58 83 20 99 18 100 99 62 52 36
3 1
92 77 76
23 17
78 84 23 5 51 89 28 86 40 62 11 39 74 70 48 56 90 47 25 41 97 38 45
14 13
18 75 43 93 8 70 22 91 93 26 41 33 6 78
14 13
88 10 93 58 10 100 99 8 25 39 4 14 83 87
24 24
14 22 96 21 92 17 63 36 95 55 68 52 33 40 70 72 1 62 81 10 14 31 17 38
15 2
3 4 11 83 8 24 4 3 96 47 72 58 82 66 64
3 2
96 89 38
27 21
100 100 51 13 31 19 2 52 43 4 7 5 86 14 80 42 69 75 88 40 32 70 57 95 71 73 43
6 6
14 51 61 65 53 25
11 7
78 98 66 34 57 22 71 22 1 12 90
2 2
29 58
9 9
4 43 9 98 53 71 11 55 83
10 8
8 22 31 37 72 48 70 28 69 41
16 9
52 39 43 55 19 52 27 56 55 21 64 5 25 86 15 80
31 31
39 28 16 69 64 87 68 34 66 36 26 14 56 29 4 50 84 23 1 10 30 7 31 45 11 55 31 78 86 51 19
16 14
34 44 93 72 11 78 37 98 55 3 53 84 6 2 67 80
28 8
9 61 58 54 71 65 84 48 50 86 19 26 15 4 69 59 76 80 89 64 77 43 66 82 26 72 83 92
29 18
20 12 97 29 65 67 93 100 67 95 37 85 20 51 40 40 9 15 19 49 31 48 92 96 29 69 19 63 13
11 7
84 33 47 12 49 14 57 100 32 3 36
16 2
38 7 13 98 74 32 47 4 31 90 99 11 58 18 25 70
13 9
53 23 70 17 71 35 73 70 18 75 57 85 48
21 4
60 91 65 43 37 68 25 26 18 87 36 35 12 5 25 87 10 47 8 26 69
9 8
90 12 76 46 97 75 91 40 34
25 6
29 70 75 5 48 92 92 83 79 3 39 3 89 100 2 96 77 70 90 26 12 2 1 57 50
10 10
89 13 81 96 41 2 70 97 1 61
12 3
39 42 74 94 82 25 47 30 2 16 71 27
16 16
80 36 73 6 35 13 18 67 8 10 20 77 7 21 90 46
25 5
88 80 25 69 5 71 98 58 87 69 84 65 92 15 52 17 73 38 29 90 4 89 52 76 17
24 16
6 55 2 38 42 34 62 63 90 33 12 47 71 32 30 35 24 97 39 92 69 76 72 10
8 8
61 7 77 70 2 34 25 55
12 2
88 33 80 77 17 44 23 87 75 5 73 50
20 11
41 21 39 13 30 70 24 43 76 100 64 29 86 40 83 56 58 71 40 89
14 10
32 74 94 59 78 67 8 30 29 49 2 67 13 83
21 2
25 63 88 41 91 73 80 74 80 89 96 20 78 46 27 61 19 73 19 48 91
27 3
19 79 30 38 91 13 25 26 89 88 13 29 78 85 61 3 65 49 50 36 78 96 14 39 66 86 9
13 8
39 94 47 17 24 36 7 88 60 85 28 99 97
23 14
34 69 31 50 17 33 85 95 80 98 85 45 36 45 10 63 84 4 61 100 79 96 59
15 3
43 45 6 39 5 86 24 73 69 73 42 1 57 88 80
20 12
76 94 68 86 56 51 41 69 3 19 16 13 36 23 55 32 81 45 89 66
15 8
34 41 54 86 50 41 65 8 64 93 1 32 78 8 34
5 3
88 88 44 100 75
17 16
58 98 51 46 16 71 59 1 63 64 87 12 57 3 71 20 95
23 12
24 83 89 93 10 76 80 53 28 6 71 33 64 20 35 61 35 5 19 88 68 35 74
19 11
28 54 10 23 76 65 46 58 53 91 68 80 70 72 59 28 42 44 91
9 9
51 48 35 22 35 54 56 60 84
18 12
37 7 10 65 23 7 22 75 97 41 7 19 13 17 46 6 60 88
13 11
90 67 24 11 1 77 18 13 12 63 100 49 22
6 3
44 67 86 71 16 27
11 1
91 93 83 96 5 70 15 94 59 81 17
20 13
93 39 45 56 2 44 4 75 4 68 18 23 6 88 38 32 16 75 22 9
10 9
65 26 83 58 36 15 26 57 100 70
2 2
25 49
17 5
23 95 48 92 17 53 80 6 36 95 80 9 55 36 78 19 13
19 1
1 27 53 57 26 22 4 21 47 4 12 27 78 7 26 70 75 31 49
6 6
95 12 75 50 100 4
14 4
15 48 64 93 52 73 70 74 28 91 72 32 2 50
30 30
27 30 35 57 30 67 23 25 30 49 74 81 52 45 45 18 44 60 11 96 32 80 21 60 22 44 43 76 93 3
6 3
33 21 28 62 39 50
31 15
98 63 1 1 8 97 18 51 57 80 46 40 12 18 51 33 61 93 60 5 48 47 24 32 19 51 45 58 52 83 30
31 15
82 1 52 31 70 55 39 50 52 78 61 70 81 45 82 25 5 87 72 51 62 3 69 12 100 78 15 82 59 15 26
8 3
30 71 88 36 9 89 87 38
7 5
18 46 90 43 50 76 14
10 7
69 72 100 68 50 14 1 8 80 78
29 25
7 70 85 94 30 74 81 68 74 40 85 71 29 79 20 56 45 23 92 65 95 43 32 96 8 84 3 39 61
24 24
68 24 73 61 54 98 93 73 71 33 9 42 13 88 13 69 32 36 12 96 82 7 79 77
19 9
31 53 74 85 40 93 9 12 6 14 9 98 38 32 82 46 73 47 85
23 9
68 24 78 15 5 84 93 33 50 58 64 2 32 48 41 24 8 5 29 73 65 79 10
25 12
8 20 58 92 57 24 60 32 54 74 37 89 19 21 38 76 84 91 7 84 84 83 43 88 11
16 8
41 77 100 53 84 19 10 28 75 86 87 7 39 12 95 27
24 23
17 58 3 7 16 86 90 98 28 29 61 95 33 1 72 32 53 7 50 63 34 77 100 72
3 3
84 29 16
12 3
32 22 49 39 38 34 80 35 14 9 95 60
10 8
83 72 100 90 21 14 75 49 13 47
13 12
30 63 18 94 10 49 68 58 87 5 44 67 91
17 3
38 68 67 85 3 90 84 92 62 50 18 11 62 64 93 64 45
5 1
91 17 29 58 74
27 14
17 86 4 77 12 41 45 30 25 47 19 61 90 80 10 7 90 71 23 35 86 67 42 18 57 58 47
6 3
66 79 100 51 83 76
2 1
72 43
10 10
13 60 11 92 69 70 34 91 92 68
21 5
9 94 19 66 92 84 48 9 63 99 11 97 27 24 19 50 18 18 72 30 29
23 8
97 51 7 40 94 74 16 4 34 61 74 51 5 57 98 13 71 49 76 67 75 99 38
28 21
7 47 98 88 29 71 84 31 77 23 25 2 90 80 87 3 53 37 7 61 87 71 84 35 46 2 61 97
13 6
65 50 83 14 37 11 85 72 93 13 95 17 67
21 20
53 38 52 90 96 65 76 19 100 62 64 1 22 12 44 9 28 93 91 42 29
13 9
52 46 90 46 14 56 34 14 61 71 65 50 19
15 7
37 80 38 52 81 11 64 24 71 91 68 62 84 48 66
2 1
63 51
9 3
58 30 42 18 52 58 19 22 39
3 1
18 84 62
1 1
25
29 23
67 92 30 51 91 47 11 90 10 13 38 38 23 19 31 92 22 88 11 44 26 57 53 96 41 14 45 38 90
9 4
57 13 35 59 56 82 21 97 91
19 12
80 8 52 10 99 25 97 61 68 75 18 21 22 10 86 66 47 76 87
5 4
52 87 94 59 68
17 1
10 51 88 41 58 91 50 9 15 99 69 35 25 38 7 46 47
31 2
94 19 2 98 54 5 84 47 63 4 13 17 65 63 56 6 73 46 7 33 12 57 53 98 81 91 4 78 37 48 93
3 1
94 31 72
29 25
70 60 70 34 28 34 49 83 39 21 80 98 5 91 54 57 41 87 47 44 16 36 43 8 69 61 53 100 84
26 18
53 13 35 39 40 68 87 22 59 59 1 8 63 44 61 19 36 99 18 79 15 53 74 74 73 34
5 2
17 28 37 21 41
7 5
32 91 45 6 1 55 58
24 17
1 20 88 88 71 5 67 85 9 40 10 81 25 88 53 41 68 41 13 60 64 72 91 6
18 14
58 23 54 17 39 6 36 26 94 6 82 12 42 90 3 4 71 27
27 3
19 58 67 31 17 30 2 8 87 70 55 96 92 8 12 82 66 48 60 59 5 41 70 99 31 24 2
12 10
92 27 68 50 93 98 18 75 52 77 13 73
13 6
16 91 20 97 56 19 8 66 76 1 87 74 83
27 13
35 11 18 13 78 19 57 28 37 83 31 65 96 3 96 56 18 39 27 66 46 46 26 12 73 26 50
20 8
60 72 94 22 89 6 100 8 62 79 96 97 61 60 44 63 8 99 32 46
3 1
91 22 74
8 2
99 4 91 58 15 62 51 36
16 4
87 10 22 17 57 18 77 16 61 91 23 11 22 20 87 23
16 13
96 68 6 47 23 97 56 89 10 7 77 12 14 63 73 35
19 8
4 60 97 16 51 71 26 24 43 13 46 5 73 94 24 78 92 47 26
21 7
36 53 11 99 19 26 24 5 57 4 9 68 52 24 18 23 2 94 17 14 91
24 14
84 44 15 75 42 41 22 77 28 26 39 26 44 64 1 1 72 5 61 40 8 36 9 30
5 4
98 50 45 18 87
15 14
54 55 7 94 28 83 73 5 74 50 49 37 51 1 61
5 1
52 14 96 12 96
12 2
93 34 10 63 73 89 76 26 95 34 71 74
5 3
79 42 92 79 30
12 3
90 48 39 93 14 86 5 9 70 70 1 56
24 11
28 71 90 5 66 24 75 39 92 17 17 33 60 95 62 2 25 4 1 15 48 66 1 52
1 1
73
4 1
3 89 56 74
27 17
91 54 34 29 97 2 98 81 62 44 94 15 69 97 67 83 45 33 35 48 6 57 21 84 33 75 73
23 6
55 48 90 8 34 71 56 35 20 36 48 63 29 62 83 78 29 66 74 13 100 21 70
20 13
54 41 20 78 81 19 32 80 61 91 13 83 46 100 54 81 47 68 61 61
5 3
41 68 63 53 19
9 2
27 28 75 19 99 4 99 70 35
18 6
25 95 64 70 94 69 2 92 36 15 4 38 52 44 5 67 96 24
21 19
50 29 96 68 28 100 18 97 34 47 78 59 41 93 80 86 61 34 30 48 48
25 11
51 77 90 17 24 65 18 93 66 99 89 85 78 88 2 26 73 1 3 83 41 47 63 79 59
31 28
6 47 40 91 97 16 33 66 40 49 35 84 15 33 72 99 62 11 53 87 84 5 41 66 45 39 80 75 97 79 82
3 3
74 45 74
16 1
91 80 78 25 16 44 10 39 94 71 50 46 10 85 2 50
26 19
89 34 73 37 12 55 39 89 28 36 62 68 16 52 100 45 28 15 88 37 5 82 60 54 79 69
14 13
18 92 79 58 25 51 95 88 57 85 76 36 72 89
6 4
92 7 32 20 73 20
19 17
53 15 31 83 83 72 63 53 63 93 62 39 96 56 79 4 93 6 92
4 3
47 3 86 53
13 4
25 6 13 53 10 27 35 92 62 7 7 66 69
29 17
60 46 83 90 2 27 95 93 90 89 39 45 27 43 31 83 19 36 95 71 97 74 6 88 87 12 46 52 32
10 8
43 94 12 32 95 38 27 39 80 67
6 2
93 71 54 28 89 41
8 8
37 47 17 76 33 28 74 84
11 6
62 54 67 25 85 62 15 11 52 94 78
14 9
22 51 74 49 40 66 23 51 54 69 19 81 2 46
1 1
56
30 10
61 42 75 46 55 89 8 58 34 37 38 54 59 89 79 59 80 44 81 82 97 2 100 29 55 97 83 91 4 9
31 10
2 67 10 8 7 69 66 92 6 3 45 16 91 75 74 22 18 7 3 66 8 2 94 62 50 28 4 54 37 96 18
10 4
79 98 20 47 15 63 52 17 59 67
12 9
93 33 50 99 36 67 58 89 61 19 39 88
15 7
76 70 61 66 83 39 15 55 85 29 69 89 45 28 7
26 12
99 89 62 49 76 28 6 16 88 76 54 28 50 97 3 19 57 68 53 95 82 59 32 62 28 20
11 6
78 14 66 29 54 27 77 81 7 83 97
7 1
50 73 59 99 76 29 55
25 9
2 29 92 33 90 19 4 48 25 81 14 91 9 67 69 38 48 75 72 96 21 81 45 45 92
23 20
72 2 67 5 3 47 97 87 88 67 42 36 44 74 1 34 35 19 54 24 66 29 95
18 5
27 58 45 18 4 17 90 5 35 46 59 81 42 97 20 61 90 55
29 27
7 89 50 26 94 73 43 74 19 4 74 45 13 71 15 68 87 4 73 73 49 83 53 43 80 72 55 69 79
10 4
85 50 85 62 43 57 5 17 27 60
24 16
72 60 86 39 98 41 63 70 89 46 74 83 77 98 37 97 28 98 33 64 47 17 26 90
