3
9
15
1
10
0
3
12
2
10
15
9
4
15
0
6
0
1
5
0
0
20
13
12
23
15
8
7
3
21
0
0
2
21
3
3
5
15
4
6
7
0
8
2
14
0
13
11
2
7
14
12
2
5
16
11
6
19
19
3
1
5
0
5
1
2
0
0
3
7
0
18
0
0
13
19
8
13
7
6
9
6
6
1
11
1
2
2
0
7
0
18
13
9
10
5
0
1
11
9
2
1
16
8
2
6
2
16
5
0
4
1
8
11
6
17
18
0
11
14
7
4
7
20
9
9
23
2
12
5
26
10
14
5
8
11
3
10
2
1
11
24
7
0
1
0
21
0
2
8
0
4
6
15
13
3
17
2
0
7
3
6
4
1
0
3
10
4
6
12
9
3
7
3
5
5
16
3
2
2
7
3
20
3
11
1
2
10
2
14
2
16
8
3
9
10
3
12
0
10
7
0
2
17
13
7
5
1
0
9
2
16
0
7
0
6
12
11
8
5
9
2
16
1
12
14
9
3
24
6
13
5
0
1
17
4
13
1
4
5
20
0
2
5
1
7
20
7
15
1
3
9
14
8
1
3
15
12
1
3
3
9
1
15
5
9
10
7
4
4
2
0
11
8
16
2
13
34
2
0
0
8
7
5
1
14
0
1
0
21
2
12
3
11
12
5
9
30
4
8
8
2
15
2
2
0
1
3
4
3
3
1
21
14
6
23
10
17
4
17
5
3
3
3
9
2
5
2
2
7
0
10
12
0
6
5
2
0
8
2
2
5
5
3
18
20
1
5
0
3
0
3
27
21
9
30
6
20
0
19
8
12
0
1
9
11
9
9
2
5
9
3
3
4
0
1
5
16
19
7
8
8
4
6
0
9
26
10
4
1
9
11
15
5
21
1
19
11
1
0
13
2
2
0
13
0
4
0
13
9
6
10
8
12
5
1
0
0
9
12
13
1
1
31
6
4
7
23
5
7
0
11
15
9
16
14
0
10
2
20
3
4
3
6
8
1
13
33
20
6
3
2
9
0
2
36
0
1
2
8
8
0
1
6
18
12
13
10
9
5
15
2
12
6
5
8
1
11
16
6
6
2
23
5
9
2
10
20
2
3
5
5
23
2
19
0
4
1
10
22
7
0
18
18
3
9
2
20
1
0
0
16
2
8
7
1
0
4
16
15
0
29
11
15
4
20
11
7
0
7
0
18
5
0
2
11
11
14
17
0
1
6
5
7
0
21
19
18
5
10
13
5
0
14
23
4
5
1
22
2
1
11
23
7
0
1
13
2
6
20
13
5
14
1
19
12
4
2
11
3
15
10
2
5
1
5
19
0
6
5
1
4
0
0
2
20
9
5
8
6
8
25
1
14
24
3
21
0
4
4
1
5
0
5
1
4
17
10
6
14
6
24
3
3
4
4
15
7
9
1
5
10
7
0
2
17
8
3
30
0
6
23
12
0
2
1
0
0
2
5
2
17
0
0
9
13
3
6
30
3
7
9
12
0
3
0
