15
2 3 54
2 1 14
1 2 10
1 2 43
12 8 54
12 9 44
7 10 19
1 12 24
7 3 53
4 10 43
9 12 56
3 1 45
4 7 62
3 6 19
3 1 28
3 1 8
3 2 57
3 1 23
1 2 22
1 2 19
12 44 23
9 4 9
2 10 27
4 7 25
7 9 57
2 4 2
5 7 2
7 4 3
9 2 38
3 12 17
11 10 41
6 10 62
4 6 30
8 4 2
1 6 19
8 11 35
2 8 9
9 11 57
6 4 30
12 3 47
10 4 23
7 5 21
10 8 58
11 4 33
12 8 18
2 7 5
12 4 40
8 6 33
5 9 62
4 3 44
5 10 3
12 2 23
1 10 16
4 5 48
3 4 2
5 2 6
4 1 61
12 11 40
5 7 37
8 2 17
5 11 19
4 5 41
8 6 56
11 10 39
2 5 40
10 9 45
9 8 42
8 1 20
3 1 58
4 5 23
2 3 38
10 2 42
10 7 11
3 6 44
5 3 36
11 63 45
8 5 32
5 3 51
10 3 45
1 11 3
1 6 40
10 5 17
6 9 27
4 7 6
11 7 41
8 2 21
4 8 46
5 1 8
3 8 26
2 9 60
11 9 18
6 3 46
11 9 8
2 5 14
1 11 54
8 11 11
9 7 56
2 7 63
3 1 24
2 9 19
1 5 36
5 8 2
2 5 20
3 6 6
7 6 14
2 11 44
10 7 7
11 8 54
9 8 39
2 8 1
4 8 57
3 10 31
5 9 9
4 10 7
5 9 6
4 6 50
11 1 56
11 9 46
6 3 20
7 10 20
8 5 13
9 1 43
11 10 51
1 8 58
5 10 8
7 1 36
11 7 12
8 4 57
2 4 12
7 1 31
1 3 43
7 3 22
6 10 8
6 4 1
8 1 8
4 1 44
1 11 54
8 3 33
7 6 44
8 25 11
2 8 53
5 3 10
3 8 18
5 6 18
5 4 26
7 4 5
4 2 58
5 6 57
5 8 49
1 7 11
3 8 34
7 5 36
1 7 20
2 3 25
3 7 28
4 5 23
8 1 48
1 5 14
1 5 26
1 3 36
3 5 2
7 1 58
5 4 3
7 4 29
6 7 17
18 4 8
2 10 57
4 5 33
1 15 58
17 18 29
10 49 34
9 8 10
6 10 5
2 6 24
8 9 6
4 5 10
8 6 61
6 10 62
4 10 12
2 3 40
5 10 9
3 7 18
10 8 22
1 6 45
9 4 50
2 8 59
1 6 56
8 7 53
2 4 9
3 9 48
8 3 32
7 10 10
4 8 56
1 8 8
5 8 10
4 8 61
5 6 41
1 9 50
5 3 15
3 10 8
10 4 39
8 4 48
4 3 40
4 10 47
10 9 56
4 5 60
6 1 43
5 2 23
4 6 11
8 10 46
1 10 40
9 5 23
2 7 62
5 8 45
5 7 36
10 3 31
5 3 9
9 4 31
5 1 41
4 10 23
13 58 32
11 5 14
12 2 64
9 1 1
13 12 15
1 10 33
10 7 38
12 8 63
3 12 38
9 1 15
1 13 9
2 10 49
2 10 32
5 7 48
9 6 37
4 9 22
2 7 19
1 7 22
5 11 12
13 9 45
5 9 58
4 11 26
8 1 35
1 6 20
10 3 23
5 8 17
13 11 32
12 11 13
9 3 53
5 4 2
1 8 10
11 12 43
8 5 1
8 12 20
7 3 42
13 11 59
12 8 26
10 8 38
7 10 27
12 13 28
12 8 37
12 8 15
6 2 1
7 11 31
8 4 17
6 5 10
4 3 31
3 1 11
7 8 6
1 6 46
6 10 32
4 13 19
7 12 34
4 12 5
10 1 17
1 2 23
6 10 54
6 2 59
2 9 35
1 0 52
14 51 54
8 3 8
13 9 42
12 1 46
12 9 62
3 10 20
11 7 9
10 9 4
7 5 29
6 9 49
13 11 36
4 11 30
1 5 7
12 3 52
9 11 49
9 6 4
6 12 12
13 5 15
5 7 44
8 1 28
4 9 64
6 11 4
9 11 22
11 6 2
6 12 36
10 6 33
5 9 60
14 5 4
3 10 12
4 1 21
13 5 11
4 10 23
3 2 25
4 10 32
5 13 9
2 8 33
2 10 51
12 9 12
9 11 53
13 12 27
3 11 31
11 12 22
2 13 29
14 2 58
2 7 32
14 6 63
4 8 26
13 3 61
12 11 53
4 7 47
10 7 5
5 4 54
24 32 6
5 16 10
6 23 2
14 7 17
4 6 24
6 16 18
10 13 3
22 21 4
10 6 8
12 23 62
19 23 3
15 14 12
13 5 13
2 11 30
5 16 53
2 24 7
3 12 9
1 2 61
4 11 58
20 14 32
17 24 38
3 7 28
7 19 48
11 12 26
24 8 49
13 10 64
3 12 28
19 4 13
23 8 55
1 19 28
8 3 19
22 5 17
9 11 3
16 53 54
9 13 54
9 7 57
11 10 20
5 6 32
12 13 22
12 7 49
11 1 3
16 13 20
16 8 22
15 13 12
7 9 1
16 2 39
8 12 16
11 1 37
10 12 17
15 7 7
15 1 55
1 4 36
16 11 58
15 7 5
5 15 5
4 16 43
11 12 58
5 12 31
14 7 47
12 13 54
10 13 44
11 13 63
14 13 25
7 11 47
11 15 30
15 3 29
9 13 8
3 2 35
1 15 25
15 11 53
4 2 48
14 12 42
7 2 20
5 13 19
2 11 5
15 4 1
6 2 25
6 1 49
4 11 38
8 14 39
7 12 20
4 7 62
10 8 17
15 4 35
16 15 39
14 2 40
4 7 25
28 27 57
12 3 35
25 18 1
27 12 12
19 12 34
24 17 25
4 27 13
11 23 27
9 28 12
16 23 34
21 26 61
17 22 43
24 2 49
24 1 60
19 3 59
16 10 52
8 13 26
8 7 64
14 16 20
1 15 10
6 19 60
6 8 25
25 3 6
17 10 42
4 12 24
3 27 13
18 22 43
26 28 43

