-91651 -26181 -10117 75726 9596 -25588 62905 -87039 90299 38976 98312 27321 51375 -56121 -527 96712 -99857 40444 -7398 -34961 -81711 89463 -44242 9793 9825 93887 9000 -96153 66109 53789 -96831 -68036 -42096 -18677 -52236 -88808 37929 24780 29483 2154 -7753 -10219 84808 72575 -57181 -97879 60049 32735 -73910 -52414 -56200 -64170 55126 71467 10310 22864 -78408 45355 26788 5214 83588 -35109 48646 33685 44648 28121 -49356 -91243 -34678 50773 -20746 -81561 -94082 71176 25308 -54144 87969 96965 -77337 -999999
-20204 36584 -86632 -98718 63576 -46357 -3246 -26940 -25725 -63273 -3026 -28798 82013 -39785 4572 -73172 52314 80551 57392 87465 -48973 -69460 74576 94555 84003 -20002 -8711 23329 -54405 18720 -79703 -86922 6882 -46415 -467 -15818 32621 -91718 -25593 -1599 -37033 -30777 -6725 -40392 -90851 82387 29174 -59163 -1415 -94085 46364 94967 -52424 -80107 4845 -999999
18106 -29222 73299 -83579 -79674 51262 78666 -75907 34759 37985 59372 72119 -86489 -5027 66968 65771 13191 -29121 -82434 24036 -28520 78099 -45302 -44829 90137 -22119 79403 73060 69421 74900 -83265 50488 23576 70848 14109 -34159 -98602 63395 7742 -7204 53272 18044 68168 -36535 71068 -76072 -263 -27354 -58393 1348 -75732 -50199 54946 78749 69195 -62004 -95729 26691 -18990 -29485 -48666 42348 -64324 51049 -28400 -89707 1612 87528 -86273 83410 -85383 -96904 19880 -65209 1335 -19378 -75426 -21777 -17378 -86314 38668 89625 79161 -43924 -49073 10035 99374 -999999
-19538 23167 -1595 -24152 -99977 -18078 85782 56161 48759 86555 -14701 21167 -42283 -40943 -77073 -66061 -999999
54277 -4822 76013 52802 294 95227 -9505 -54135 28291 8921 13648 21747 50331 -86939 7788 -28790 7504 -5001 95497 97139 19770 51971 98116 -70752 74712 21672 61450 63275 -99294 11733 88627 -23594 -86214 -31400 -82104 25116 -80896 68677 57317 -63309 -95548 -14913 -58502 -32351 46935 -44570 19755 71992 -99078 55581 88407 -720 -49864 75126 -82826 76447 10768 23101 79324 -52969 -91958 -18914 64538 20316 -29142 72691 -76349 -70592 76162 53166 8012 -71331 -32926 -66657 53581 -95633 68523 -97053 25124 -7733 96706 26794 44153 73024 -29728 -81629 91547 38921 -999999
4806 91401 -98005 -18164 -97539 -11250 21361 -31974 48432 -28989 7874 55728 -35988 64376 62620 -19935 -6417 -30034 89327 -84515 69330 -94533 89240 99499 69331 66512 -91272 96117 86526 -62249 -22351 -55363 -82952 -15242 -76867 1006 75752 43121 44650 85901 67011 -96084 -75786 84942 -51982 7629 -999999
-829 -12959 -25600 42103 -70033 61926 72148 -40974 78585 -21876 -97533 -14291 -39684 51260 6799 53100 -22149 -24569 -10105 65375 2994 -23214 40809 26075 -38969 74463 -61663 -43089 36256 28340 11248 76774 -999999
85162 38120 80793 -50650 91987 -97453 74222 -97871 30601 -6988 99825 72761 74704 5477 76237 1220 -70745 10975 -46106 -5155 -41424 41304 -84650 -24243 18937 91655 -96189 46953 -46682 -33981 -69478 75397 3773 -42615 70890 -73274 15246 -77796 78879 67157 -80707 51143 27993 20080 -22867 11582 -78744 46746 -8501 2339 43175 18547 -75148 65956 31026 45538 18756 13889 98309 -37010 -78084 -44501 -18254 -25492 97103 -42744 -13698 -39789 11913 -12717 97177 -85717 81693 -36447 -65031 -79900 99337 -20354 -15982 5379 -60440 -95818 13876 96119 44756 -31632 34688 45578 -56075 42484 71432 47091 98667 60172 82754 -42872 9812 23561 -15255 -999999
-68422 -85155 81265 18039 45276 -96859 86245 -31910 -56361 -8438 2206 -50238 -85903 71677 -67038 -3729 17794 41759 -2986 -14135 54784 -57405 70817 41979 37925 75531 81567 -46756 -18305 2991 -2817 -81918 73748 80732 23738 -3461 -30225 45112 19568 23510 -4852 15940 -60575 -37284 -62309 99739 -48380 80797 85620 28375 -84280 -94620 39640 -30957 -68764 36236 46688 60746 -20003 95724 -42427 -999999
-37548 -48723 69771 -18379 -23415 96765 55562 97662 -13904 -31588 -65766 -56815 96430 60436 29722 39349 17392 -27450 41245 98555 96424 -81506 7667 64711 -67162 -67544 24015 -49681 -53617 -30468 -31910 50299 -24068 -3115 84051 -999999
-32527 82816 -83424 18010 72184 91888 -50634 -19754 -80999 68590 59298 -41426 -24967 -64147 32242 68335 -69299 13244 80770 -66556 -25543 -81964 -77338 -3684 41161 33809 64753 -28822 -14710 -71170 -87136 11974 -12090 99785 -64281 26673 -45669 -4779 55637 22965 -32457 -72274 78054 98923 -38542 45784 1637 33878 89864 16256 42620 -5331 91250 -94444 21914 8182 95199 -37586 93183 -71474 32980 -87061 6247 53445 64285 22362 64656 -25626 -65234 -76912 80938 -66604 66972 2521 89115 -60081 -90447 -79159 -33812 -53674 -84049 44144 33811 -34649 32676 41195 51549 -78750 -29850 8279 38840 60555 -74324 -36511 -96166 -11858 777 -999999
-88238 21661 -40762 -49947 -40279 16725 -999999
-63310 48756 8063 62408 -75643 85177 -65710 -8042 56143 -26628 -76331 68453 19231 14437 64706 -64910 -33903 -43761 32839 7080 -36700 8239 52262 52319 88874 5279 89404 -15371 7576 -25722 17630 32199 93501 -81306 30495 -40051 67664 -80574 35950 -999999
-41374 59114 98140 -43256 28082 -5148 -27268 -58474 -22945 92665 86371 -13414 45176 23321 -9009 87666 -52945 -8213 -43420 -20272 -15443 89142 47057 -20809 11135 -48923 65746 39762 10925 73274 13390 22513 -40085 8786 91296 5728 -64855 -91184 80627 69414 52037 75241 -44346 53079 87840 -51764 96079 -48298 15246 -51732 92475 86507 68391 83947 -33196 -60419 -25542 -74012 -57284 -75220 67618 67029 -12778 86541 62512 67496 -40380 13763 74247 -86884 29514 16822 47559 27093 -19631 99315 -41246 -49156 94984 -34976 44362 76628 56293 -79782 -999999
-57061 17098 71917 52597 36120 -68542 59759 -75087 57799 59114 -69511 20084 3103 62636 -46141 -48238 21757 -60313 -21157 -86998 -999999
3435 -37758 -16000 -35810 54816 4515 77224 -999999
-38010 95409 39325 -55176 69270 -33060 -77903 25845 -81592 -16337 -87009 -12987 38254 -18743 -15300 -34004 -31747 20405 -95604 -88091 -56532 21097 59761 53803 -90187 -77032 85182 -52124 -519 92276 -56854 43307 -89472 -43836 54944 -88840 -74786 -32995 -66124 -91730 -19279 -49152 95919 -1662 82758 -11120 -68597 93443 -90981 85614 79418 90121 50239 6003 -53024 -15106 -11818 8201 92450 -98556 98233 -19994 -64618 -89662 -76166 -16794 -2342 -48689 -31035 -72572 -63168 -26823 -65759 -44555 -92313 -56079 1622 36514 -23195 54423 47465 1856 79136 11550 74755 -47987 25660 -12900 17008 -999999
22638 -999999
80002 -60146 -99344 48465 -92202 5229 -3699 -99473 36142 30758 94300 -45305 62334 -62748 -999999
-35192 53378 -8684 75022 -57187 -42228 62784 98882 -69481 -36964 25483 48456 12601 53351 60043 53672 -72353 51834 -45506 -37510 -55541 -79240 -47509 84158 7437 35519 -29993 89865 -44721 -50839 -41888 -98406 -58566 52462 -76423 -14389 45641 14631 -34942 -41821 34920 -69395 -52733 -29496 92168 -50144 75589 78545 -40574 95940 -39155 38394 69989 -45307 182 -15375 27230 2907 -62359 -73971 82243 13960 43452 16862 -32644 -42177 -11227 59103 86734 -16033 88601 -72696 -8187 -1700 -29690 34176 63102 -94721 86441 -62672 -32370 -63741 -23348 41779 -22062 -14623 35808 -40599 -50219 41766 -30925 -87765 4119 -82945 -999999
43033 96832 -96169 -74963 -58290 -28767 37207 48539 -83787 -48286 -41332 35498 77621 84110 77799 37388 -83832 5560 16349 -50095 -5911 -98680 37167 -83650 -40852 49829 12484 -46458 -70617 -27583 -999999
-44888 57486 -40964 44251 -70108 -87907 -34763 -32588 49307 36846 -43468 56289 80258 92586 -29843 31868 -7678 87836 -88910 -18635 54640 54369 29305 84051 67684 -83460 -27900 75673 35960 83718 -87757 -74941 -21729 -95998 2722 -77841 3359 -26225 -5440 61657 -9684 15222 -73682 62207 45539 -59357 -999999
29603 5728 21169 -3982 69487 -90436 -90018 -81447 -1998 4582 94622 -61530 16841 -95587 4491 76449 -39463 49031 -63943 -61656 -45192 70321 95976 29556 91627 10276 9618 -66685 650 -66336 2341 66343 -999999
-84232 -53493 -61653 9327 -36791 84772 32605 -33680 -72424 -87851 22781 -58569 64839 29114 -78528 -66411 -89100 -90953 76033 26200 20207 -59092 72709 29645 15765 -88761 -14359 -82970 15501 -66189 -19157 83830 -90401 24621 -60527 26776 49068 -75272 16569 -11024 -25010 85863 -1345 85833 -13108 50327 12100 32670 -40582 -73217 79265 45556 -26901 -24032 32296 -88156 81172 83670 -14317 -3657 70271 72657 -95028 24170 24744 89885 -46504 55952 -60040 -66212 16225 48727 -15461 20822 -28706 64162 -13952 -32793 -19359 -96362 -75347 -99561 28861 27953 -2244 -29497 -37679 81492 32886 68486 -23882 61217 76554 53187 88577 99391 26473 -999999
-18571 77818 -58430 70806 -16632 -9848 73621 -82329 98640 -85337 78774 -1811 82314 2017 18848 -54591 -75321 -22671 -74764 26533 75956 26624 -62451 -1191 -68284 -67064 -82304 -63666 81852 -51046 -15243 -42766 51994 95610 -16676 -17814 40035 57000 16591 7838 -19832 65530 -95230 -85715 -93068 13220 72809 76162 24693 40730 -54745 81470 -9340 30540 11054 7957 71475 -60592 22071 14325 -12686 80542 -70881 -6240 85565 88884 83037 24602 -36442 87514 73436 -90562 -64966 67648 73209 -65684 -84269 -73405 -33637 -30179 7290 -55218 -36439 -26281 44918 -95971 27820 66171 -69003 -95651 86915 -84420 -35562 65712 17533 -49174 -38959 37068 -999999
-5524 -51260 19011 -2799 -74419 -52134 -22435 77935 -92371 -61734 -73503 -50551 13272 -76214 92723 94863 -1485 -33219 -7913 34461 -71214 -26560 -51181 31351 -99289 -42275 -67085 -63967 25814 -50486 19750 89374 -21660 -11022 50438 9155 12429 52957 60213 -50762 75188 76222 53539 93768 757 3097 23531 -50515 -6058 -22449 -35747 18452 -7651 77063 -58729 73255 40507 -75397 -38644 -56799 3366 67228 -93402 79750 -90044 83555 63240 -61756 93443 87989 25516 45668 -81851 -65422 -98900 -70611 31353 -549 -86628 88277 33541 14557 64980 -42716 33247 77694 -90997 96936 -80389 25123 -80610 -69105 27679 -22916 -43279 15396 99282 16716 -16148 -38999 -999999
-48424 -37273 29581 -33435 -89364 -70816 -67958 42472 24964 75625 -63331 49091 -25378 78431 -39005 87005 56986 -50924 79245 -10517 24074 -12594 -4736 1860 13212 3881 -27380 35473 -55327 88151 -79802 -29344 30329 99848 -49981 15703 -44323 -33628 46324 -42299 -42039 -64075 52505 -41900 40132 -46686 -37533 89947 -1843 16982 24747 94224 73124 -42048 5768 17819 84914 38579 42832 59845 70741 -68819 -3217 83343 13388 -77580 -7011 33311 34748 -5476 -27841 37973 19805 -45146 -96036 41597 -54076 -90557 -37254 -69283 -45171 14774 -77164 -34195 -94620 73175 22843 -33946 -30927 8691 -77689 -999999
44766 51537 58679 27076 -90811 66448 -10004 23554 87995 5227 58239 98013 -54284 -90721 30202 92032 -42287 22563 -88454 -33946 42061 -43050 68639 41222 9983 -96969 73325 -74966 -48884 31437 90178 -95970 68909 -15321 97460 -62589 -999999
-58242 41158 18371 -77169 -79242 56839 24222 -79678 -45949 64904 -57693 27808 -29207 26424 91707 -81535 3099 -48866 -20128 -13591 79045 -36175 -4117 -80134 60390 36567 86346 -21319 32660 25529 -42160 -44678 60323 -66945 7270 95083 -93087 34669 -56609 -89029 60600 -71911 -31318 -3035 95799 77960 -34976 -7587 99114 39653 22973 42325 -98459 -17315 87724 29164 -21728 -22887 -62405 41012 30204 -75303 -19602 -86178 -72284 85610 59951 -82812 30222 -36668 41891 82131 -47775 26114 54679 53396 -25359 -2754 -999999
-29739 88933 90440 -48669 9528 -81222 -11069 -8269 60567 -73440 -98723 -4746 18771 96130 59049 95970 93368 -76829 -88037 38307 -93682 41636 -36065 -66195 3775 -52894 56406 -67344 5216 -46468 85870 86186 -56867 -67022 31452 1494 99654 48745 91705 60546 -61648 -33461 -74761 85374 97609 -84277 4606 -67408 38780 77382 -27225 54085 10493 39173 35091 83330 -88079 -14561 -63255 66232 -4419 -18437 -55572 -80618 1258 62515 69109 82136 61618 -47275 -17903 60062 94634 71491 25785 83351 -88053 77626 -24022 1564 -91682 71599 27169 42969 -92668 -12139 -999999
23270 61279 -39492 -46256 -38668 63969 35283 21771 -81246 -96785 -24690 -44954 79663 -51983 53410 -42655 -60854 70457 35885 -19335 -11322 88013 -62092 69826 15209 -65581 50820 12701 -10013 -86504 71481 -9961 -88548 46396 70365 -76706 87270 30014 -999999
82785 6674 54496 18149 93059 16862 -69578 70198 77307 91852 -98415 -33362 -59125 -68402 -19646 91484 -43750 99869 -66163 58279 52784 -12312 -47700 -51243 -50290 50537 65852 4262 50088 -60972 12808 99485 -19456 43242 75569 94302 89696 31594 -58121 68210 -33868 -11482 20134 54888 56577 89971 -70817 -14825 36038 74874 9026 -83266 62318 39979 11893 59596 -73234 -86958 -12332 33339 -51839 29698 -98315 -11626 63358 69741 -4394 19484 -7790 92181 33702 -77379 -86496 44637 28332 -48127 4146 -72647 -56104 7304 96794 -71356 -53916 83884 -70167 55345 14439 86722 -99957 46105 -42250 -27456 66174 -96014 -21193 34168 67949 -999999
86659 -40638 -26067 2021 -54985 -70599 17299 -21259 67992 -47653 64943 -29787 5536 -66604 67626 -86399 91369 67156 46903 -83460 59509 49116 -9031 -71358 -74088 75737 -31951 -30678 -70269 -36185 -65054 -89081 54317 46390 37828 -95586 -82593 82314 29600 -6415 98589 -999999
39822 22714 97324 -67938 21769 1715 41028 -34532 -18644 5074 -92588 16254 -65588 -87981 -34131 20266 -47055 78829 -45172 -10490 55793 -27290 -94713 -74661 51115 -21502 -59438 63637 25885 89751 -98130 52199 -33693 8060 21424 -3829 63309 -8416 38122 3047 -357 71350 -90312 -58421 25367 -3250 80104 -73385 83407 -68097 -33209 9466 -5202 -78911 -46780 -99819 81719 17175 75716 -66179 -55139 57257 -37631 -63329 67713 43632 -9057 -36866 -72760 -20086 -78963 -9767 96536 6765 92116 80296 90864 38008 45888 49284 -50911 -999999
-27353 32230 -41043 -49061 -84070 -45049 -999999
65312 93736 -32409 -66765 17836 -74614 64874 -40324 77272 -89938 -3044 63631 80757 -6045 9045 -24136 63354 84893 -8200 -25815 -41771 48038 84501 -92165 66466 94690 2863 91970 -88967 -59843 -38505 -19189 -45598 74675 -43721 12085 -93148 -3717 811 52137 -42630 -36015 -56951 -99465 94695 -35042 -57919 54926 -57311 23559 -84256 73240 53928 -79857 -47057 -72272 -89222 -60566 52664 83329 -53345 -38881 12136 22140 -18849 -96296 -92464 -66315 58708 -13559 -54203 92379 96794 27835 -73432 -88878 -25182 -59212 -53696 -30993 -53210 -19259 -74813 -55921 -999999
37936 -4492 73812 -96014 74675 -16538 -82051 46417 -6603 19102 -70879 49821 30412 25750 39816 -68095 45801 -78690 89062 -76550 -47327 56221 -93259 -73685 -999999
64502 -999999
-67122 -49588 -59194 -999999
38660 39355 -54007 79420 50445 18099 26396 -40884 57106 -10700 42653 81935 -8801 40835 -59218 -5822 21231 45838 -4135 -26465 -13664 5047 -42866 83252 -999999
-49345 -47289 13855 97435 -4336 -8628 34088 14804 76646 51410 -56069 -43825 3163 17023 -97216 -29976 61263 -48631 5913 -69142 41905 2940 36407 -57694 -99924 68826 13209 -64368 81776 -41764 64355 52919 86875 10711 -69289 -54124 69124 -21318 -39758 -18325 -17436 49076 677 -55556 -59806 -85902 -51153 -59243 89978 76550 -15085 -53375 91337 22499 22779 -999999
80311 -21883 42089 74636 63809 25069 10774 13889 25825 61194 -21079 -6598 76765 -23821 -47147 -81652 34026 44177 -90609 50585 52858 98202 80235 -999999
60073 49720 16786 -39128 -39937 -88056 57698 -40538 -74909 30270 10658 -50726 61661 -52891 10080 86890 59910 -700 -16342 -50413 -51057 17564 41445 -33540 -6614 76815 86093 5161 77144 32283 -77495 31430 -32944 -49405 -24022 -92445 85385 -96434 28224 -42113 -41628 -58200 -61543 -3139 -87495 -13145 85207 -85900 93501 23529 95149 34146 5773 29785 74038 -2880 20121 -94128 -91535 2032 -96976 3928 60317 96146 37347 23691 34605 13943 27737 4378 -56151 60141 -17809 82793 481 79609 74505 -81960 47117 -17885 -74630 -61091 59270 -70741 27852 -89267 -20133 -77031 -12820 -1287 -59567 50 -21387 -90571 -999999
-64057 64855 -65676 -7439 -75609 -34652 44623 15792 -77580 85175 -17244 16270 -71661 70913 41947 -81000 -37635 20465 88708 -11766 -999999
39551 -48676 -37334 82766 -12138 21359 -16831 -41292 -999999
-94889 -65609 -60505 78879 -35678 -86774 7991 -23843 -72878 -76693 91224 -98832 40573 -43531 38222 -54124 25557 51786 95812 32982 -23358 -12340 63805 -20580 -19733 -70155 -79839 80075 -98220 -999999
-3271 -32680 49506 62757 73718 -34961 -38407 -95285 -11860 92217 -27898 -96852 -13796 -45234 9305 -46039 -59858 55543 15913 62136 -36227 542 -82372 51041 -17459 68692 60766 -27631 -28520 -29825 -57266 -42210 29893 8734 96441 -10472 44538 -18949 -72482 -95160 -25784 -76884 -20784 58760 -93691 56965 -78438 95999 40440 70877 31036 -69065 -13332 42491 62676 -3876 1959 -67682 55192 -72301 27573 3366 -8640 -15884 48157 4770 -70080 74342 67189 7287 31155 44310 33425 -13527 -14957 59923 -78825 -30519 91621 73737 40046 -51524 74226 -79527 -76651 -56221 -31313 -33199 -90032 83500 25342 -21043 -28036 -26443 -90739 35497 57540 -999999
-35619 -26335 -66196 30551 -62627 -84472 11915 91109 -94924 94818 54998 -80817 -31202 59934 16342 29445 23022 -13261 -97861 -7991 -75855 -55787 64075 29939 35251 -30124 -86797 -91042 81115 -999999
-22338 42355 55921 -999999
-11357 -73840 -85376 -64013 -2056 9044 -30697 -52857 -29883 32137 71337 80528 4532 22639 45332 -87720 66916 -12511 88895 -27589 35996 -74650 22300 -29572 -93924 -57449 23757 18690 36752 -32472 77026 82610 -50338 -28652 93121 64426 -49314 -32535 93215 42006 77673 36013 -42902 -54797 9034 -47572 -28023 -51362 -30638 51743 22523 62424 -23544 42683 -45476 -37991 50684 41939 -31610 50829 -44996 -36502 -81388 83631 8800 -4647 -35710 66305 69184 -86823 -88400 -85019 -37562 -23570 -96315 -44517 -38434 19761 -54543 30296 49226 45496 8586 -25601 -23407 43555 -60136 -12225 82263 -74042 -5780 14728 -999999
-75410 75691 -98390 -10706 -59310 99816 62861 -69277 -86632 60335 68167 -12448 41920 -90977 40989 94771 -70351 -40273 47257 38735 -65826 -65263 -19964 -35971 -32491 36083 22529 -93839 -46748 -68574 1286 -42184 -58008 5641 -69577 -47220 -73485 -4392 -7007 16522 -52903 -60800 67664 46139 -936 88794 -14195 -21106 -49823 25255 56439 4071 28295 -78478 -13252 13776 -62397 -999999
-92235 -45619 34081 -31604 30812 15950 56395 -999999
17834 -38466 -22095 -82892 -1007 -76807 -36079 24582 -8429 -60006 1640 -42149 3134 6705 1461 -40322 -62780 -99692 40550 19667 89275 -38899 -17950 -18920 89901 -29071 -2254 46542 -66851 -77808 42316 68337 85463 90504 86142 -28574 70386 30708 -66764 -89626 86694 76226 -18970 -58809 65476 90530 -87392 36440 47446 25051 -51409 -93034 -62253 -7241 23141 -85974 -41729 36959 30410 -62645 21533 55297 82271 39745 1874 12717 69520 78916 44312 -64000 80885 -50301 -71397 38135 90500 38080 -16909 94949 -76905 -42856 -54401 3775 -999999
-77151 -70566 -56043 -14015 -2068 -82883 24731 5021 -38231 -97999 -54042 21688 74218 58159 16242 1625 40768 -66794 -85857 -87287 43073 -46073 74045 14392 46572 19744 -56772 -80562 52963 26004 -9786 -84017 662 67876 -44568 -49366 -12991 -91716 -94165 12446 -59189 -58068 -50303 -68086 -44849 12993 -56421 -113 69560 -23680 57752 43619 -74490 63294 78615 -999999
-40595 -23137 77677 -71 38684 38441 82098 43663 3035 78404 18038 -52076 33229 -62896 -42607 86596 -62379 59683 -69864 3017 15957 -74274 -84564 -94491 34066 65706 -21460 97209 32755 14740 73866 -87440 -28759 -54205 62907 -25333 -69592 73618 -999999
-30135 -92206 -56114 -86078 -56014 -22923 -5747 4306 79808 -85589 20521 -33233 -88021 56288 6104 -41304 3535 17969 12393 88993 76349 -97041 69533 66330 34139 -30142 -71520 41131 -89992 68714 -7197 13324 -54864 11425 27671 92368 54008 -999999
-99065 -73230 48583 -70159 -11758 -25016 69730 38419 -97020 18772 99714 -25416 -41903 60666 -10141 88284 -4243 -61493 -37460 60702 28107 -55169 -42634 18055 47215 23554 -35014 -49621 -1486 -6811 -55332 -45528 -17262 36533 -10418 -79477 52275 1577 -5470 47123 -55754 25204 -42384 81037 -93003 -21061 -35424 34654 -10280 -50847 -94955 55263 71703 48893 95607 -10142 -62196 -97619 51162 -41837 -2573 90308 -3376 -84870 -16830 53023 -44856 4701 72095 -4011 80545 -43261 30211 -72820 -60273 50067 -80599 27241 13544 -92070 24306 49631 27980 25515 -44456 10921 -93137 -39904 -18867 -63854 -21115 -12545 2735 -71823 -56888 -55623 -77782 -19085 -999999
35468 -33685 -88240 9105 -30713 31037 47712 27026 14254 76418 -85114 -8529 68083 96910 60042 -20092 76900 -10205 -98043 29460 74085 -47867 1077 82413 86226 55290 49457 64826 64582 -5408 52982 -15131 -3718 -95382 61727 -44826 -9403 33848 7731 -92051 98689 -42541 -49256 71720 -8306 -95678 14246 75953 -85584 -88757 74455 -17385 65876 94601 -999999
-28024 -44752 -52697 64582 13720 6024 -52426 76268 -21264 -8692 -8463 7173 54742 -42658 -18678 1546 64084 13234 88752 -84765 10568 -73905 -33760 -6409 -74680 -85326 33637 -95710 -51857 62993 30574 99013 -52728 94205 -94070 92470 7574 -50784 47618 -91048 85118 81830 53075 -99258 -1773 24121 7110 93161 -9349 -12060 -15442 -62102 -16062 -26407 -71426 -19520 3579 -92594 -68476 39210 58510 20225 -31738 -999999
20451 -89059 -59529 81477 71722 -82699 -91690 42432 16068 1132 -33884 -73177 -31535 97655 -69952 49492 -69929 -24773 79520 78961 25867 92880 -70162 37127 46144 44711 -58435 66612 41897 -71928 -93018 -98245 86604 52019 -66621 32309 -83066 -10776 -23737 77606 53877 78979 -25671 -51477 -7867 -67073 45195 37838 74906 -88421 -95333 47292 24983 -73255 96389 -81394 8522 -85661 -13342 -43069 39028 -55415 -22878 -2225 52792 81957 -70526 17548 -930 79328 -37975 91919 84229 95501 63205 -31530 -37213 92787 -999999
-66787 83898 -999999
-49230 -28593 -44582 52632 -62761 -58086 94924 57061 79178 28251 13474 -79896 -22898 28985 67417 -67178 67078 70413 14888 6911 59728 67903 -31384 -69777 -12996 -999999
-35233 -65097 16808 6275 -16278 -999999
-39111 -56657 -50617 -78864 -34184 -55954 -93507 -39215 48902 -66303 -37336 -1781 -23810 69500 -44700 -64790 92902 -64451 -89578 -6167 -37296 26937 70802 -77746 56723 -23438 -65876 -3216 30241 -33595 -85346 38233 -6075 62751 -97709 68294 54012 77840 54094 -6645 84653 -29961 9786 71251 -2043 -14563 69454 19589 -66701 92831 -70692 -60477 -48515 -91838 -40969 58316 -70979 -71573 -77697 -999999
75772 -94490 -50613 -67899 -17238 -11548 -43983 -64067 -52233 -23294 -91020 -6153 -84912 -38076 -56437 83047 -26631 92960 17738 33611 -48829 -44233 20847 7664 -3989 72734 -999999
-77105 -43825 28123 93068 -29553 -57779 15212 -95197 -22482 81658 -93440 -38122 -88902 -999999
95497 54500 -11911 3205 96233 6224 84392 3436 -99127 71628 62497 26538 -57079 -61053 -46187 -22611 -17839 -36733 -91079 -12068 -35194 -8634 -96386 -76568 -49959 -93220 33400 -77301 89721 -10954 42720 -16351 2025 35409 93493 -34465 -96853 -34180 52093 58804 68252 -1080 14441 -48326 -21351 -48244 -17066 -25191 69279 -61422 92464 -18439 62513 -36318 56561 51297 -64910 -80984 59399 97969 54674 81860 -88044 91512 91877 -67858 -84593 37747 -30897 -3516 27975 -90973 -91748 -54158 -56312 -11702 77548 23933 -1194 -77055 -12917 -26708 47830 67577 88671 79251 -51572 62092 83194 6653 -80833 -52993 31056 58805 -56711 -4201 90370 -999999
85611 95764 94553 50588 -11155 1358 -89266 -38657 -12318 -78933 -5307 -74037 99706 -32773 -999999
-42683 46801 5424 94676 6542 -86539 1469 -74249 62030 -47740 -77175 -7946 -86787 36596 29072 61444 -60530 4909 -7529 1867 67768 18129 -45238 76470 68897 -23525 3955 61481 -31062 80421 -10407 -70319 -999999
-70909 -7053 95765 -27641 87693 31943 18475 18063 -27141 -20444 -3704 -97201 43752 -23880 -32785 -71433 -86599 -66417 22635 -40501 92119 -80215 -64424 13198 -78377 57654 -51109 -2803 -66629 -84240 -64591 34821 -24814 -97707 15653 -40142 -53446 -92032 -57445 40117 18886 36771 -999999
44704 -55814 -47645 87303 -25247 -86093 99920 508 -67574 -13852 51776 79415 -92807 -55365 -78521 -30818 6441 -11230 -25260 7809 12563 -33247 -64981 -82360 21890 -17632 89978 35467 85362 -39350 18267 75841 -86172 17806 -90843 -94833 10625 24959 -21969 71554 1704 28059 21026 -55976 -31530 -82391 60090 -76743 -13007 68347 9049 60675 -99471 31187 1736 35075 -64852 -67230 9675 -72129 -71940 59884 47391 -46929 28430 -64889 71506 68685 20746 1409 86271 31234 -87718 37025 65189 -45825 72345 -5626 73763 -999999
-72870 30957 2579 -51588 -42350 -89778 -999999
59352 -15901 -98139 -43963 13946 35974 90190 -63037 80667 59155 -93687 -30146 54211 -64720 -48098 9237 40511 -69932 -57638 13212 86256 12535 86519 94296 44992 23320 -35559 -75434 -61520 41194 -56523 26792 37965 -30628 79436 28925 11458 7044 40597 -98852 -71930 -999999
53305 -28419 -80651 -18713 91256 60356 6013 -38839 75113 -46566 28271 -21470 -86434 55530 -37195 -51361 -16154 -55947 -34525 -7251 76076 -16813 -51674 47819 36604 48007 37017 -69846 60390 -56323 92662 -31299 4155 -44254 -40791 62435 89716 -63520 81088 6383 -13197 36725 38527 38672 -85599 96687 -72815 -82590 -87626 -25082 -9576 58128 -554 -78442 34469 11491 -78631 31159 -47165 -79380 -74589 86266 12078 -38838 -56846 22019 -46751 -21863 -61129 -97474 22669 -74377 71771 -90689 -63963 90868 16482 -10630 -78954 51413 34093 -41317 54293 -635 -999999
-84220 99408 -67111 96005 -44767 -250 45182 -72590 -75672 -48718 10498 -47421 91954 -69918 23931 83619 -68367 -43545 39384 -28603 98894 -10395 37250 -17337 -33440 -99446 62446 -56144 -89398 73180 -90174 48792 51569 11306 81825 -92889 -73448 -51100 -10987 -35275 70043 -77433 16472 -91887 93509 24752 -19649 52573 -39090 59538 -76220 -69034 -75212 -28669 -75410 -67854 91636 91056 3743 40034 38117 -57807 70458 2039 31410 34488 92206 13793 -2702 -27614 14116 78034 -8090 -86992 88001 577 -60210 35727 64792 52618 51752 22419 -91856 -98062 99718 94339 25004 57289 11146 -18483 -999999
-5656 -10111 -18982 25505 -91174 53082 -29508 51381 -31337 89730 50820 74207 -81749 90717 -20559 80305 76726 7394 -92926 -26246 -32436 -83309 -999999
-84849 -17604 55640 78440 67953 -70994 47607 20900 75931 -19162 89778 -42663 -49685 25893 -41666 25852 86570 -79506 -95333 -67442 -62662 73958 55636 98062 57371 90005 -41963 81423 55385 15305 -67420 93860 7318 -95207 -999999
-81737 -56656 -16441 61583 -56135 36110 53055 39756 66419 -77748 -71876 -24719 -26436 26689 -15862 -33262 -35581 -65815 -97946 5792 -31028 21556 -29631 -56581 39736 -31382 -56349 -61458 25084 72249 90797 -53684 -53388 90524 96055 -999999
-66992 -62038 25623 22243 88556 98169 -76861 94471 -9666 -6035 56014 -11524 37609 -71456 65102 79253 -93842 33903 73247 -79320 -4478 76383 4800 -14330 83962 97899 -42790 77973 32994 92971 18977 45324 -22290 -2206 -95981 85835 -97336 45924 68254 56917 5768 -63646 -27042 22123 74306 -35564 4612 58438 -19464 -63807 76498 67440 -85776 -999999
-18942 38783 23073 -93279 54407 -14545 -57209 89680 42027 80219 -97770 64555 73495 36120 -87670 -64701 76913 -89618 -76451 -92010 -46880 -87948 47698 -31880 -42517 -58937 -45905 -34402 -41601 5542 -18616 5450 -10801 15469 45173 76047 37590 -83347 -99227 43200 -83016 25700 -27828 -47943 -51258 -63074 28024 28233 23712 -58841 -56127 6779 31157 36779 -79329 -73281 -77146 -34259 45078 -6 -74487 44512 -51188 86119 -9206 20581 98299 84648 74347 37986 97025 -8339 -65301 62075 -44268 -999999
-17275 36784 59860 -84118 40783 -40365 19513 -74555 -93693 -99356 -60053 23647 -46117 99467 -97487 48712 -14891 66417 78593 -90567 -57194 92859 -82443 -85279 -53333 58659 -2785 -75251 19946 65205 -69389 -36558 5431 -10524 -49821 -97830 -999999
-38650 96776 43369 -62418 -3149 63355 -51252 -29011 -71179 -86332 -7811 71239 -56980 48746 -38156 21465 8641 -19415 43565 -72390 95301 -4734 -76462 76504 -67227 -90772 7878 52609 -34804 53160 -14898 63166 90901 -55182 1051 64409 -10645 -75693 -20296 96256 -19648 -31980 28684 76994 -34586 24013 56525 -26186 -2291 -88421 -91070 -84037 -22694 70384 -21006 -31655 -7584 -4861 86766 59014 88509 -33175 2808 71941 64980 -52164 -21105 12777 82466 -15881 27480 -7048 -999999
88740 -59029 44202 38643 37356 -12234 -79471 36339 -66418 14994 61906 61751 88363 37856 -99887 -13639 41405 93855 8939 -14837 -999999
-26418 35484 98261 20201 -6792 73986 -25301 -51413 81953 -999999
82567 -61064 70091 26596 -45784 -96116 17573 -77107 -67642 -52667 75537 87140 99696 -12873 10833 -49948 54276 -61731 9357 49363 22987 10026 55363 39592 23022 -13635 12875 34310 33049 27122 21574 -72473 -40021 42581 -11037 -93356 27607 -56399 99789 1040 38362 -68665 1525 -56811 99481 75738 -89929 20470 8982 -11673 38443 78627 57870 76210 62731 93003 -73933 83708 -55812 30108 -79295 5201 8763 -95578 -92865 98429 -15067 -77667 -69995 -76001 52770 -18243 -43068 30101 -26961 80520 8709 -66025 28807 -63125 43074 60064 -999999
97727 44907 59590 -80294 57642 63031 10027 -47298 -97114 -89416 24780 96500 -86438 71960 41334 -4986 96676 -78475 -75943 -64999 -2440 -56809 -32587 6582 8674 73098 58097 -11338 -78745 -86051 10634 -51894 51594 -30923 -34264 55588 53866 10126 -69555 -48634 -87480 -82288 -54682 -91931 99175 22794 14788 11705 93516 42189 36324 -12508 -50075 44647 13162 -91396 -1978 -65861 -92819 -76553 -26226 -25798 -76501 -89102 69480 -42560 -5347 2014 -19347 -12403 -3738 11207 -16857 21214 96421 -43070 -3087 40359 -94679 -72973 59706 -30224 41348 -2631 -27160 -25143 38712 -79370 39833 50795 95631 -999999
-51260 47725 -53881 96923 28030 45472 -25303 -99654 -5543 -91961 19450 -61705 60007 32182 11083 25280 97244 67845 71787 32680 9937 -77135 -65347 -91894 -55835 -75631 -1180 -31144 82558 -70800 -79142 -85377 -42771 85771 26144 -83015 -90320 73960 -176 24750 -64304 80081 62862 -77689 -37461 56812 66909 978 -40756 -98824 72974 -999999
-67466 12518 95250 -65395 80960 -61807 80049 -41835 -26406 25436 51604 -38674 -41683 83175 -83140 42495 -94239 7341 99413 19373 30264 33150 18789 -15890 82967 21779 -92065 -81556 -67035 41171 19028 -86959 -63988 -30047 4809 45045 -999999
12320 10339 66850 -2608 70788 -63041 22656 33576 76438 -6306 59362 -70603 98948 -41411 31083 -10381 34082 -49597 -3234 32080 -59839 -76524 28994 -98613 65770 -27837 -34386 -32456 -73352 -57052 -999999
85024 76879 71551 -63310 17157 -42500 41440 -82137 -69949 -48981 -74485 12757 87569 26751 38412 90909 -32345 -42478 -25619 -28980 -54982 -89335 60417 24200 45411 64146 58590 59989 55837 -98755 47656 28677 -36883 29172 -65209 31034 -88996 10520 762 -999999
35552 -69510 58885 -22963 50393 -54797 -16954 60213 -98313 99105 55462 -2133 -29320 -26242 74283 -45902 13967 60062 7721 69563 -41376 -93819 -11688 -53292 43880 2402 67905 55534 -49926 -45652 3667 -63095 -24732 -41448 -63022 -83458 59440 -77964 -60625 3561 8326 -94045 -39566 -79055 -98961 31926 -999999
-50635 66228 -88413 71785 20052 -14491 -20636 -14406 12313 65845 55342 -48719 -38654 16387 -17780 -54611 -19285 -61196 -37096 98742 91676 -32133 -76138 -83574 -69909 30778 35501 87574 -97457 2306 45059 48960 -12605 51639 83700 -59999 -96685 -76465 -84562 76688 -92345 37049 -40661 -21607 47465 64538 87692 -43763 7795 28530 -71665 81907 3034 -62179 -60435 -44644 -71119 -24394 33491 73748 17532 36950 -59078 18228 -999999
-19718 31845 47637 -70931 40002 74935 94687 37202 51478 75438 33855 9047 -42269 -3328 18167 69206 72963 -97392 -79281 -35539 -99525 -82099 -60759 -80018 -35554 52904 -21134 -95574 -79730 -17489 -68299 39381 -38110 40139 32457 -21674 -95645 60306 9643 -92754 -21199 12490 21606 -64190 -56125 -85317 -25298 84614 -73140 26032 -68851 14152 -75720 24650 -33739 17687 11669 -22400 -72140 84622 -50417 17782 -39291 79424 -61036 37817 -83134 -32319 -79978 -50283 52983 -18993 -85522 40787 5203 -74404 -6562 -27309 -73032 37241 3631 46657 -9167 72928 -86855 -67785 -22845 -6882 33345 37807 82844 -83237 86204 -97373 -47320 46983 -15246 37635 88387 -999999
-8322 66898 -18423 60586 -16974 -62370 -69048 -90342 75479 -79142 41303 -32734 -999999
-42726 73792 87721 -38111 -54870 44184 -18248 29317 -38838 87280 51974 60986 89866 30436 -60577 13602 17918 89488 -61328 -46592 43359 -20125 -37263 -47393 21118 79499 -1233 -20909 -9947 8400 91061 -31081 1676 79869 91414 -23787 -74699 34488 90266 49413 52069 58547 80835 30765 75135 -2437 443 23430 -6146 -26962 -25573 -16769 -70770 -98294 85018 2779 66824 -99744 4560 -61579 15753 48615 -15706 -36124 53677 17068 -68451 80761 85869 84007 48311 -67227 -80813 52522 -9979 91064 -42155 -90062 -13426 99652 67030 30624 -88551 -999999
-83403 95425 18584 38152 -5553 -91127 96177 72290 96984 66911 -25495 -31333 -20143 -84910 27951 11824 -33434 60265 -40381 45769 18664 -7081 14465 92543 -90014 -12083 77582 -81474 -4966 57578 -55842 838 -55834 -92914 84063 -63029 4647 -17972 21445 -74499 -82329 -60483 -67853 67746 -72117 -93775 -62397 28958 81461 -999999
-51022 94933 -56392 -61952 -49877 62759 -40008 -25456 9070 -39014 41182 5328 -91491 -73130 96182 65075 30435 -87095 71397 -15572 41345 -7957 -29686 -17083 34615 26459 -52369 -97136 -4405 -21464 28076 -78348 57592 54829 78360 -20375 76726 95188 -50131 52670 30754 -39493 -22985 68567 86987 -43725 68217 59125 -77608 -71900 -35619 -76050 98201 89039 -8875 -30981 99816 20140 -47662 64368 -69380 76210 -80160 19590 -16630 3637 -15460 64532 75735 -18071 58323 77277 -62113 -73148 -2375 47170 59035 92930 8963 51736 -23757 19458 -38495 -59116 64448 -69170 -999999
10083 23548 71608 -1913 -96041 40201 92255 98148 30075 55130 -75375 -66345 30407 -92670 -6454 64447 97519 44695 -94245 7991 -60843 80259 26406 -54745 -85216 -15705 94406 -90297 -91036 54059 70155 6130 69696 -82778 15650 -45725 72391 -26841 -78764 -17778 26134 33502 -2907 -28515 11333 -99158 -30116 -40827 26681 30976 -38365 -28795 -38763 8948 10820 84987 85968 18600 -80237 23011 66722 54798 -11477 47788 -5544 22363 73808 -93127 14343 -44534 -96396 -66831 -27171 -3319 71445 63619 79378 18692 -23741 82809 85502 -18355 -85505 27704 -17851 -20379 -88193 19602 -2387 57770 67535 -18232 -33712 -31588 37329 1119 -999999
-12915 -14939 3613 50648 23333 19043 88544 75602 1935 84677 38172 52467 35652 34146 24815 -86461 -86094 1749 -90909 67241 1864 -18308 84351 8955 -88607 -15395 1802 -34892 -79286 44514 -58659 -22909 2994 85189 97380 -99456 66989 -22969 62065 30073 64677 5273 -999999
21739 7965 -62626 82363 -84467 31971 90440 90266 68549 44562 35487 72856 78078 -16127 -64288 958 20625 -49332 73858 -99589 -6368 -92164 -61740 -99295 -53886 63446 -35327 -37130 35224 -82947 -59466 -98056 -85570 6852 40922 -64143 -87714 54932 -32772 54386 27998 -5514 -44917 91183 -80903 -67905 88574 8567 -8597 49237 -52076 98702 89606 -73439 -32267 87528 -95966 -10861 91768 79940 64625 -999999
-77634 15843 56113 -58131 -97477 -55132 59258 17466 11477 26942 91511 -1622 -38428 13401 -97231 82637 21338 -98807 44999 -88166 7292 35304 -30150 65556 25230 4174 -44123 1433 60430 -62992 79050 80327 84438 -34990 -27769 -82165 -70428 -999999
-64921 -52537 76919 -60973 50708 97631 -67888 15018 38571 -71647 -93224 -51383 4968 -43121 66144 -64610 98624 61642 -26622 29479 2062 52828 -86297 -5620 -84635 6177 23458 89176 -65724 77843 27898 -999999
-33049 49201 -72506 -20156 -15174 -88116 33968 -63178 -67096 -4818 -34021 -44726 84498 -25689 -10335 -96636 -16868 31413 -77323 27781 7073 6735 8744 -93203 51398 48014 31687 68362 -83668 -1927 -24031 -18437 -10497 -22101 63526 -90779 -26388 -82909 39594 61201 50799 75752 35273 40865 46602 -57897 49573 -32339 24913 93578 49739 32831 53858 18663 -61836 9959 -22093 -36478 15463 98107 78020 5168 15420 87918 -55693 -60055 -999999
-91573 -85778 37913 -12190 -77361 15362 65923 -66555 -96159 99986 36242 17808 -85009 -31644 77182 4136 42790 -96042 -13737 -44176 -87859 -84306 -32590 -16920 -83393 -44081 -27539 65135 -55741 25414 -68321 -16535 -23478 -74556 34593 27899 6788 -21977 820 -21325 22175 -47695 -5746 38341 -999999
98841 49988 -88912 -88432 -31296 13845 -63680 67317 5244 87504 -46740 -25365 -14831 -73821 -11873 -95730 34750 -28862 71636 14068 -45965 4144 79002 22084 12064 61101 -14345 -62994 68264 -44164 55401 76298 19764 -34544 31943 -48751 -83036 -86957 89863 67826 -74847 -15982 -83367 -8046 -23282 32391 -52625 -82973 -49187 -80700 -26272 -63969 37566 -7622 68642 78178 42353 11428 63349 -75486 52412 38803 -63841 37452 1209 17302 -15982 16379 -87801 -63803 -999999
-81449 48481 -33749 -33135 -78072 41099 -60787 -69179 49174 -12888 61595 -30159 21087 -81559 -94222 4792 -3340 -52576 9164 -5167 48784 306 -91515 62412 95733 1835 57930 54707 95589 -12052 -6944 12043 -16518 97087 -999999
52090 -46430 -62965 67049 -16446 52987 2275 42426 18027 -58937 -71112 14093 27071 -31156 66927 -20135 -465 -11573 10830 35271 56979 -14694 29711 -6367 89423 -94816 -34793 67480 63441 91757 32000 -71054 45046 56372 -68014 -7538 -27316 27814 28817 -21803 -68302 -56853 -52752 -94401 -24868 -72385 -71389 61119 -38797 76903 -67694 11020 8025 -42161 31081 94605 -42550 55490 93772 19361 -7074 21765 41768 -36536 -64597 -73904 18341 -999999
95879 -87062 88184 -40160 31019 -36832 57940 98491 52531 -72031 -52032 64114 52737 98361 -999999
-50166 -73790 -1176 63357 -71100 -55544 51871 -62640 84654 -39209 -91754 -98565 88453 -12037 91597 96263 61573 20694 51805 -90022 79120 -37064 -93895 -70104 54007 -999999
-34489 -16118 -61849 -67587 82709 -63321 -62990 23665 37113 14286 -54215 -66386 -47862 11622 -53836 67039 -23500 -21443 54942 -56820 40828 10300 -47361 -97826 9681 50044 -20969 64382 75915 84209 -1500 -25572 -125 12228 -99951 -52340 37965 -45953 60475 50954 -74026 -45598 -15072 -46370 58647 69714 98662 -23974 -29325 -41103 -28794 -85631 6003 32521 27091 -1470 -90149 -32543 80811 -40479 56233 -68814 78073 -94985 -34839 -24397 68387 30352 49144 -28719 -80681 -5774 82771 21179 -34195 93373 -31333 38873 -29703 49326 54439 -28004 -53775 43581 33350 -62224 81781 -999999
55952 -70705 14911 16518 89447 -37969 -26904 52763 21775 -34533 46291 97774 48999 -29088 -95877 95757 -48892 1885 -13419 -63760 55657 55486 -76127 41213 23972 50882 3539 7014 -569 -92745 59288 7344 -57982 -89208 -20473 38351 -42406 91693 -38363 -69203 -41208 31360 -74603 -3958 -81168 97648 19802 -16258 5244 -53746 86858 -6183 61653 -16123 -22062 69675 95230 -91993 36256 -41057 75597 38626 9841 60034 14086 -11311 37687 64098 -23915 -90834 -40859 97681 23272 -59226 52827 -32567 -999999
66821 -7191 78313 -73967 -67440 38146 -75298 4212 33586 7743 99101 50696 63566 -18484 78028 -28311 -79053 -93389 -60800 52208 79022 -25405 69665 -74259 -55624 -91108 -41750 -34494 -37680 23130 23693 -17058 6628 8284 -64269 86421 -42135 63600 -10911 41625 -5046 51549 -17866 62296 -11844 54348 17553 64369 -999999
96467 91343 -12333 69986 75295 -53710 -36939 9807 -36802 45469 13100 -29373 -35961 10555 -14100 94224 98854 21632 73885 -14565 -56 1095 -27175 53072 -88737 13211 -9856 34293 99090 -60206 35513 -7780 36805 45074 24261 15602 48128 -3273 -33087 -26827 99006 1229 24504 54403 47189 -68936 79330 11149 -7684 73395 -8386 -32726 76094 -46667 -24569 -41592 -6982 -75089 88277 62141 32916 58098 13459 -52484 -66756 46702 45721 73507 -98791 -94570 -67354 -42320 26129 -96417 -10373 13524 -89096 -25434 69206 -43872 -68910 -93967 94730 34524 97478 37326 98616 22966 93026 -36713 -24468 72344 -72955 -999999
71510 -17902 99885 -26233 -91038 52598 81054 11953 -81033 -77629 9771 -88842 95433 -87879 89700 18987 -44068 62732 -82148 -25507 37974 -13133 -51051 -45579 92222 87583 70538 53175 -26857 49417 78169 -42140 -83309 82212 -16052 79680 -27466 -58702 -3069 11182 -8695 51827 -10561 -15177 51190 65975 6797 28073 3975 7125 12813 -53220 -72394 29684 -96610 -61104 5168 85830 84327 13554 -999999
95893 -67963 62141 99296 18102 80268 -34627 -1689 -56230 91004 51119 66991 -4862 77570 -87931 98838 -59373 -26649 16262 25195 53375 10009 -17455 -84419 -999999
-20268 2369 -90593 -39184 50861 -24532 87804 -88384 1019 -22906 30929 -67958 44770 -50652 -82677 78513 79741 -22374 -90243 -20362 85351 92293 97469 -3634 16103 -73244 -98660 -41969 -85706 -93855 48897 -87868 92205 94190 -28830 76703 47760 -15413 37534 43662 48305 -1053 -43975 -88730 -51262 64726 -45644 5052 71931 -23278 -24888 -77037 -51612 90202 60223 47727 79039 -53591 22128 57544 -35370 19759 -4203 -48294 99932 64890 -17654 52313 -28349 42800 97700 34242 -999999
-54599 80940 -3571 77343 -79879 67639 -88897 90665 -87109 52195 5403 44971 48233 99888 -66632 -44635 -19017 60600 69678 39853 76384 -42036 29802 94934 -72631 90093 -999999
75898 -87551 78244 4642 -79703 80618 60286 73027 -76306 56689 59880 42301 -91590 -51400 -39709 55060 79600 -45482 41379 35054 -24756 83572 -1334 -75066 79921 -41704 -38532 -72 -56691 -9666 -46114 46524 97323 -3934 -24464 -77328 -57644 -66533 18821 -99699 76195 48865 -57253 -1924 49572 92527 23579 95169 -71704 -81085 93870 -42027 -78040 -87421 -999999
97490 53140 35514 -66313 -70712 -4361 -45121 -84750 -82899 -90040 95094 82078 69680 99855 45168 -238 55790 -463 21422 -96476 48062 40731 14531 -83105 85991 -52729 -15529 91683 -41743 56686 -24441 39898 96984 40778 -6742 -59246 -24803 17862 -83985 -37764 8952 51461 95074 99392 42024 81548 28429 -98501 17322 -72755 8315 74262 32904 13905 -47144 89732 79816 -40255 -49292 -8936 66438 4368 -999999
36288 -89252 -63160 -60595 -3486 -21571 -72144 29234 59409 95329 45720 -55735 -51220 -62374 81601 54103 -97645 -71994 80555 -72147 -27705 71133 -97221 73618 63133 86890 91657 81407 -27809 41751 -19068 57923 51199 -7583 -7742 -15289 -37191 -66454 14120 -52564 17860 -23059 -20109 -8560 -94604 -43124 43232 82032 -73425 98629 17086 -999999
-42295 46659 -55218 -44779 -999999
38097 49044 -26725 62477 87785 99837 -10558 44332 29930 -54676 66555 -76820 81833 -3357 39233 -87 40542 -89654 -44518 91821 25087 56415 90493 -1630 7531 -46981 47118 96754 -61188 45309 -74939 -23363 -25089 -68267 -90900 -34890 82624 48879 -79289 48987 -1730 -36167 -23731 -68465 12029 -81069 -22379 -50603 -62277 -26030 -84212 -86805 -999999
-21519 27811 -97407 -92932 -50347 -63995 74964 -34291 -25156 -78842 72684 85178 33985 73687 59822 -95073 -47986 -64459 46302 53214 71582 -13405 48693 -999999
-66835 44620 1883 -74299 44735 69066 55618 -36544 -9462 64452 -48290 11197 59010 4209 -32892 -15366 50239 -44868 31774 -81019 68876 -80320 23369 56268 -16818 -4814 38731 -86384 -64369 27998 -93260 -33032 65574 38986 -59376 -71678 -71675 -74825 36806 89108 -33889 -47163 73872 -63183 97332 93046 -45033 25863 -52998 20235 28010 13860 -5911 10634 -75877 30345 -89565 -29407 -70026 -31657 90751 -18524 41119 62694 -92367 99891 65159 77301 87575 183 72842 -14917 69922 -999999
94696 -4580 -55073 -99465 3871 79735 28449 62359 -73887 -81636 -22195 -14950 -96329 -72485 -84030 -70298 -17870 49719 22755 40345 -45687 -86086 -94270 -917 -79916 -11870 69482 50351 82724 -20039 -45559 91320 34493 54850 8504 70808 -80271 -95409 75049 -51068 73498 -58704 -48468 12115 30643 85382 91742 -411 17683 88245 38062 2977 -38264 28535 -23347 -42 40268 -83762 48562 -62077 5222 60242 -13433 -10958 86624 -50520 -73805 -59906 -35168 -32173 -7739 -80970 -24090 66596 33849 -17126 -91167 99981 -21717 -98110 -1298 80980 -4075 16286 -81746 22179 52358 87000 -80254 -83012 -44574 -16874 71782 90953 -11568 70875 -999999
13329 -48572 18829 54146 58759 24233 60305 20507 -24323 42986 -35822 -26089 1398 -2659 81313 96150 39320 74060 -29705 -36592 -69184 -12958 -23403 15307 -66896 52527 -80948 -8266 -40285 -57064 -74855 39461 59713 -38754 93864 92138 71086 44105 38201 -81012 -62723 62064 -48416 -37337 -49213 -90520 -63642 -41568 86918 -72249 41550 78082 98515 -24749 47282 -26246 -999999
-35700 -34550 -55509 -17692 -23085 47950 -33105 189 96310 70580 93868 16910 80985 99155 96270 70186 78722 -64024 -96474 40888 67392 -18507 -82785 86048 38969 36679 27160 -61280 -67697 -46767 -8029 -98309 -12817 -80140 65818 82640 -54474 87776 -16360 11912 90751 16852 -73509 -98455 -58227 -22975 17460 40776 -75438 -98163 43176 54427 -25958 75059 -40217 -4116 -79401 37639 -2714 -45718 69385 91799 -46501 24538 35785 69549 -58923 -34966 10611 95922 79157 -41242 -82642 -20371 -30388 -75772 -93862 -75544 9427 -999999
23572 41139 83713 89519 40296 -21374 71373 -55250 -89324 10609 86016 -23690 63669 -49496 -36683 97999 -61871 -13798 10801 -22728 -81600 -6233 70169 62748 -62921 21602 79700 -74846 28914 -21716 2430 35491 25918 -86657 50245 -38793 -54496 -65081 -5020 -49368 -90843 18474 38906 65544 8647 60905 40902 31327 32441 10590 48641 20668 38480 -52251 -999999
61932 -83314 44952 -28539 9353 32011 -97294 86473 21289 46914 -11691 -94456 -13640 -2443 -59290 95745 35552 -33666 -3050 1512 -51100 39348 -51716 80673 88268 62070 -49186 2587 45243 87639 91983 43655 51292 -81946 -62926 23412 64059 -76136 31900 2185 -91856 93268 -79144 78750 -55306 -53157 5572 -11913 61145 50259 -65704 -62435 16654 -76690 -97337 87067 -42340 73851 19581 39378 -22536 94857 93193 -77191 -73552 -31821 -45675 -1483 5757 -93491 55824 -37231 -39493 61802 -97428 21018 -93196 97799 -76157 -26918 -63912 14871 29140 -86993 -43319 -73557 33068 91462 38867 -36355 72480 -76743 -65031 -999999
63287 37187 12266 4587 56676 -29220 -97517 42910 -58064 61430 43214 -92810 69174 -37358 71031 -89173 -18488 34815 -87969 -1922 37424 42416 -17958 44638 -60656 45625 -68940 -25616 81515 -89498 37376 48447 -53060 -43208 10640 99584 18756 17853 76736 30144 79970 9867 96685 428 64986 78872 -49020 -999999
41720 -18439 -10252 -48642 99341 6965 -71675 92027 1816 -86651 -19262 -56824 -72127 -87125 -26734 -32725 24126 19884 -70619 10855 -61032 39724 98122 -85403 97224 11300 -69411 -78271 59195 6274 22812 -70481 -49291 -35811 -26469 68489 17041 12754 -70130 -59466 -93274 -94079 22404 -66376 -2746 78750 10419 73169 4000 -50380 35950 10899 92293 5052 44019 -54269 49736 -49898 -93280 11433 -73218 18722 54022 -86793 -95836 -64386 72278 -86892 16096 73500 78328 -85821 -14240 -69762 75579 82613 -7457 90321 82343 -56345 33734 82659 39469 -8135 97519 -90877 78912 26573 61956 46772 -8707 -44648 -57146 70285 -999999
70920 -15062 73008 83435 41618 -93219 68197 -19767 69271 46057 49938 -66899 50546 -17 -19623 99825 88033 98708 49678 -87960 49229 -4551 43091 54580 -2889 29730 -21421 27253 -39167 -74696 -18601 79836 -91881 61161 42952 -94627 77752 -38163 68418 96899 -3355 -73116 -8112 40349 -48540 23643 -69430 -46762 30001 -11410 45832 -39645 42754 92487 -25150 -54699 49013 4484 54854 -56690 -14503 -39945 -999999
69392 37590 -78841 -39847 -83727 82490 -38669 11654 81451 73312 -16713 -3507 -32369 -95169 -26617 -76168 -5414 -999999
-14408 -24858 -1760 -65587 78718 -9758 2021 -22980 55184 -98655 70411 87508 21800 -22376 -43163 53562 52390 54520 -85847 -57077 4948 76999 -50876 72638 -89147 84444 71624 16310 -82666 43703 -44415 11111 -44906 17530 -44955 70882 96898 13192 94377 -93058 -35671 -98887 71024 -69595 28270 36663 80862 92408 42732 -80776 -25653 52704 22196 -29608 77396 -59726 97457 -999999
48075 12862 93549 -999999
14670 51061 56556 603 3189 42996 -63114 -13816 51557 13169 99827 97313 30594 -55935 8238 23812 66369 -90813 -76100 30637 35419 15213 -48074 -33076 -58723 77681 68961 39170 77340 -9525 -17617 94007 67334 -81302 -26850 -71334 34132 71544 79103 46006 78428 10888 -28143 16046 -19965 36443 84812 83605 77008 40783 2617 16556 -33957 -78043 19774 -57415 92900 -26835 -25544 57792 -73408 -49136 72641 -5663 -40147 -41670 -52783 141 89991 24738 63424 -21914 -98668 -60297 81961 34739 74745 -53016 5163 -98371 -50800 84880 -13239 -69112 47761 17213 33969 79409 -72787 27932 -30758 -999999
77561 -32894 4806 -79189 -55417 -4135 -69337 65864 27217 -59995 92638 -54036 -61809 -78030 -26530 88836 59368 34460 -63505 -44593 -46780 -83525 13711 91094 -46848 39785 -86350 -68855 91963 93168 874 -59208 -90931 69077 91683 -30166 -35944 1019 28613 -75170 -16906 -4298 92156 52188 67474 8749 25108 -10570 21779 73771 -56963 21152 -62350 85634 -999999
-59671 88940 -99940 -33626 56661 147 2143 27534 -71079 76160 -5700 48827 32115 25827 -85739 -76593 -4573 -89221 -27319 36991 25289 86880 -93859 -55953 -37156 -3650 17992 -56263 53060 -33700 87387 44684 -44010 -45350 70667 -30799 83050 -78662 82524 25001 45721 -74220 40364 -46669 2136 -30355 2330 39018 38572 47971 -19759 -42998 18057 3583 -47244 -12333 52107 60205 -12376 -49018 -81520 -61497 78264 -85684 15664 11469 25001 -999999
5658 -10063 27228 -61473 64972 -94705 33689 45102 -49106 59962 -3267 89592 -41780 -11278 -11709 -63550 33774 -271 -40664 84772 -45162 27812 76030 -57144 -65450 36471 -433 -95022 42187 -29559 -43348 90650 -53255 10559 -68975 92500 70661 29556 -51082 -94447 -28983 -10994 -71883 -49826 21079 23468 93074 -999999
-85298 -39685 -45780 -999999
57618 53032 -87105 63588 -70101 -62224 -20013 -14078 22460 23571 -82235 43712 52957 63974 85680 -87700 -71848 -12024 -89928 82559 50557 36013 92659 -88447 84514 -5226 36276 -73657 56635 -7327 52596 62941 -74991 -68612 29407 24830 60642 54901 -73287 -35776 -25450 -7635 -85589 39501 -13991 -75348 71662 34763 66457 26510 13395 -96483 19166 87962 77868 57283 94593 -40333 75930 -73059 -96054 79399 -48268 -84339 32234 -39259 -69487 -48519 -52335 9099 -83981 87087 -46035 37534 -73456 -91484 -33343 -1005 -6082 -999999
7773 22474 -71814 -43313 -91521 -48934 26069 57545 61510 -36089 -89285 -42641 -47537 68176 -68255 -99334 -29266 51237 -96502 -18822 33611 -72458 -13193 -71883 -93674 86119 1321 -76118 -53528 38688 -999999
-57362 -75528 -36800 68386 91448 82998 -10831 -28256 70712 68679 92054 -62199 57249 34718 45985 82349 96200 13748 40834 -19202 -62748 50467 11258 49975 55989 93797 52494 -16406 -55998 67491 58390 49636 46522 8765 72244 -86786 -80452 -65770 -48990 -19901 76210 75544 -72475 33273 39960 -72501 -47906 -95666 -94437 -77939 31167 24673 24540 -82449 -59173 745 34259 -79252 -55915 7174 60689 -37753 97722 -51422 -85154 88064 -31637 62084 71744 -999999
62771 97841 -52195 -42164 88503 -35777 -55304 27306 40843 -52297 -99689 -24817 78049 17062 82309 -13439 87452 16000 54515 78465 -6333 5042 10938 -54554 53009 -97085 71036 20309 -91480 -45083 68008 64927 -61594 -14946 -38052 -62217 43024 -25650 -25820 97166 99564 64796 35872 -22707 33131 34817 9092 33391 12738 -98255 -81094 -9032 76377 -70623 -76894 -37611 51420 6841 91769 65809 96368 28632 -20393 2994 89856 -22466 -40878 -999999
-69323 -49701 88576 -999999
-60 63601 -26150 70364 74785 99304 -4419 95115 -62639 58286 19530 -34588 87901 59720 -999999
-72856 -54174 -21894 4985 -8120 -59834 88079 -29838 -82947 55045 95622 -74203 66372 -20119 96089 1266 -63239 -28200 -93141 5674 56655 -999999
27725 60243 90218 -65076 66604 -45368 39833 21842 2715 -73667 35699 21222 -85831 25569 84813 -5586 -54145 61276 -77675 60344 18088 -21577 -70514 -31760 -29955 81819 96296 43052 17020 54002 -86085 41378 -92124 29482 -36128 -7175 -999999
86936 -28052 26492 -70962 -89479 -65718 -80021 3114 -43949 29236 -50964 94811 -88262 41870 -1057 -30182 -64658 55839 -41649 48059 42594 -66132 34755 72282 57239 -20301 98101 7331 -30425 -999999
-67110 52477 -57442 23408 95392 -79852 51523 80897 76790 -97791 -42316 -21550 55108 -52455 -95057 61820 27324 54415 58029 -88885 11272 -34298 1704 -4006 -59421 -73288 -999999
19595 42820 -90180 95854 -24031 -19212 29623 17470 -31238 -66495 17633 -92673 -56213 41611 -59597 -64407 -24198 45307 10474 -19296 -82830 -53164 -44677 27416 66471 -89951 -15213 93140 -19129 -73202 -43959 91721 -39208 -95853 31331 -33630 19155 97099 19010 -59107 34461 -73629 -64789 38738 -72290 -4051 2930 47124 97856 25492 -26043 -71888 29830 -51350 -89198 9682 68486 75358 58902 38791 -29115 -32375 -76220 56030 40365 65447 65294 -28953 58477 -93790 39442 -999999
-6611 19466 -46812 -30048 -30163 87970 90804 38746 -14919 93716 35100 55492 79115 -85116 93897 -61119 19197 25793 3267 34920 -30808 -33512 62298 85215 -57185 68035 76655 -61982 39425 19583 -76708 98979 -90433 -52293 -8063 3660 -20181 -86228 -999999
-61152 76088 -451 74980 -31425 77332 64868 98962 89032 58975 -86064 49101 -86887 -12154 -3714 -64128 -94543 28417 89131 70330 -80905 21989 91428 7762 50324 -81754 58809 -77451 -83845 -83219 -752 -946 -68088 62098 10709 -69808 -19514 -60554 -60657 47651 -71541 75840 7054 18664 4990 39986 -72511 85995 8441 -12697 21924 -5916 41481 -27605 17814 32874 -5038 41719 6920 -30923 -27632 -89529 93522 72718 -15176 -999999
-96353 -30251 -39235 -89338 -1015 88879 -99922 -49675 7104 66570 -89668 83584 73315 -72178 74202 35302 -6095 84961 -94083 50985 -15463 35159 -59837 73221 -14611 -52043 2671 -64307 -16907 -16928 -58030 57509 48864 -29913 -85689 -93674 -6443 63530 -17963 26769 -95320 27301 85303 36547 -60887 43357 68279 -17327 69078 13669 -65290 32369 -72400 -2867 -39287 -70748 -17365 17256 -29314 47252 -67970 -52359 19644 -51451 -1829 -75654 35848 -94021 43513 -376 39716 -14423 -15156 78062 72466 -89327 72470 60364 -41866 81085 24919 -45725 -68391 -33000 -77664 -38336 34378 88233 9862 -53245 82718 19117 75569 -51381 1945 -999999
-80492 705 61605 -71095 -38601 23165 59967 -21616 -18640 -75816 -999999
-19524 3056 -39281 -96135 -9347 62265 -9776 60745 80690 3373 -65179 -5976 -4313 -80830 -36742 53622 9519 7058 -5492 -76596 -94949 68303 -30416 41794 96532 34772 -38914 93066 -3110 -60586 48920 45049 -92647 46713 39898 -48154 -89243 -42753 -23520 939 -88237 -35813 -99218 -39735 -25997 58916 -50560 -63704 -67859 -30747 -41489 82043 -89545 18961 63549 14082 76336 -2028 32829 44201 -66468 22980 89570 -12274 98621 -66122 48738 35360 -52726 26029 -80250 -11742 -30194 -30738 -87343 76303 -35872 68527 87114 1944 67707 6253 -53784 73737 36921 -63331 -999999
-51191 96241 -50950 62960 -63808 -69463 -89475 -9431 24147 -47302 36843 84441 -85366 90751 -64632 -50569 99347 -15111 -3223 26177 21408 -9917 16231 68492 20459 32620 -337 -76308 58905 -27530 -41609 -3717 -8580 89578 -75253 -999999
-90829 53526 -24379 -33438 -46227 41061 35803 -999999
1866 34777 -23085 57574 88418 -92697 -73391 76594 -89762 69870 -999999
86457 -8444 6230 50927 -55955 32273 -68863 -87709 38038 -70529 -54863 -99509 91007 73254 -81098 -64223 -70143 61695 92690 -81652 -35735 -70589 -78357 -1966 -86776 3378 -14805 26154 14808 54447 67448 70831 7302 -25848 27723 -1167 -53023 -9644 31983 -17178 49501 -61387 69528 -16962 11779 -3715 -999999
-48428 -94151 -42451 49876 -65920 9897 35673 8073 -47031 60241 -985 90843 -2184 53991 -6218 -41614 -80120 93543 -98917 57312 -455 -6726 -28794 -69293 -5885 51652 -61309 -76171 46376 -14837 -2595 45409 12258 32959 -78371 39105 -66372 95210 26864 -72568 -9603 22197 49446 -42487 -92034 91796 22167 -32590 99869 54479 -56992 85033 56266 -11346 -59061 -95806 75519 -40063 -40372 87002 -43508 -61367 57448 -14061 55312 -16762 16369 68012 44548 -27874 -76244 6587 77681 -70873 -40493 -438 59330 -56943 -49419 -43892 65076 -51277 72123 73018 62377 6064 36167 -23025 94492 32198 52021 -999999
94127 1267 69763 -56120 -27551 -999999
-40243 -97176 -35685 -97093 17009 -89929 -2007 80284 53393 75826 14022 48084 -53322 -70317 75151 83655 -90351 -36377 -52966 35700 -99618 -5042 -81184 -54457 -76126 45391 -53739 5052 5971 -36394 15001 -79189 -21418 35403 -38714 -21068 -41566 -93809 29418 94151 -15740 36245 -90929 24144 -86915 -71525 53365 93886 24070 -82748 97761 97007 63668 -999999
68174 43962 -77963 -38521 46530 -23592 -94214 -29298 -63300 26095 -27345 -49113 -45623 -25731 75301 -37672 -32010 -999999
68241 -53625 -95648 78073 26094 -26887 53159 56909 -39683 1573 85505 -39853 -67283 93172 -59669 -32303 -9259 -32936 -81031 -50949 50973 -88250 -999999
46277 77117 -64111 2600 61386 -59299 -25244 -69165 -68078 23068 -6756 -58753 -25341 60205 41600 -59733 -48729 39835 77726 -82369 534 53101 15619 -71431 -48512 -10716 89878 -14848 32473 -54879 95057 14613 45473 1123 16221 40615 -36465 14127 82378 84997 -44903 -85240 -98200 84654 37219 25886 -81723 7044 50050 22403 -62078 11615 -39061 36568 -16876 81022 -80964 -93050 -20395 9241 -63641 41064 27012 33042 72311 -17146 -95649 -59511 20224 21757 13084 -7154 -92376 25274 36479 -9806 53003 25893 -23398 16822 -999999
-10214 68967 -23451 93830 -24942 -78085 -83330 -66247 98720 -34904 -93559 -49385 96152 -52494 -67958 -70342 37258 94635 52179 -63470 76140 -38802 -51404 21744 62805 60532 38414 7025 -77082 -86314 -55994 -36731 7491 -8929 -15467 15067 87039 -39539 -82181 -88853 -76138 -23259 23955 -4193 5971 93680 36610 -53217 67282 -68203 -46135 -52616 48160 35924 -3205 -81368 -41538 -86819 -71224 40840 94981 -14069 31607 32534 -24349 51520 33522 54174 -65789 -47075 -6277 51013 1547 6622 97917 -34318 -999999
-82543 -42051 -96679 -12029 96369 -68049 -83355 -1475 88035 -7131 -8126 -12647 -69940 -92062 25284 34854 32909 -41011 4599 7069 8092 -36415 79492 52290 70016 89857 -97668 -47005 48296 -29751 89156 42046 9385 94975 57566 -53248 12435 -81911 -50736 -22105 56622 -87048 10930 -69240 12310 -95007 -31143 -13715 82224 28941 -88932 45334 -8760 84742 -59969 54048 -70135 1042 13380 29828 -58344 97852 82506 26358 -89139 73229 -58977 -94355 86798 10586 -61782 82754 -999999
-77897 46126 75314 -24561 -48055 -39812 -92098 -6455 28473 -39368 42802 99416 -9083 -36027 -20862 47244 -4368 -54640 -91185 64704 -14758 22902 46665 -65456 15850 -91757 -80337 -999999
-1881 42792 -65357 -75574 40870 31848 85945 -38708 63966 48031 41213 -32724 -21865 -14721 -21357 -92256 -63 -42487 -51126 55518 -72799 75029 -41622 -18635 13286 -999999
57117 -94137 -11558 -63444 93482 -5725 53364 -999999
47836 -54269 53898 -32364 54209 62495 -31581 632 -77362 -89365 38699 36263 -28640 -37324 -34816 60351 -99491 46930 26473 73414 -12167 -67573 71270 78164 76373 -21883 -29662 13791 -12863 -26523 79877 6049 -67038 -32696 -81242 4648 -34321 79196 -22690 6394 65045 -51747 -28233 -8222 -88773 -28248 -54012 -33061 -86112 52925 -55734 -55400 -47969 -62762 72476 -2642 -50155 85022 -29180 -56801 -71079 -90992 -40291 99332 92842 7341 31294 -7978 -39065 -13607 43089 -80679 3447 -24301 -60479 -49115 9224 77455 49681 -10094 79221 42802 -8950 -44929 -999999
69353 -97971 60543 59584 -96665 20806 85409 13781 72185 39809 30619 5206 72967 23894 21202 81036 49897 -93056 -88823 -77226 41187 -21492 -62749 11181 62655 48749 89238 8193 -39482 -85076 53935 -63357 91994 33788 -94981 -90820 16435 73004 84889 8922 -49036 -99083 -67110 26571 38633 56755 81106 43074 38432 -34959 72190 68055 -48031 -71075 -94511 -53365 -29046 -30374 -9187 6313 -50996 -43916 5723 -91449 -30660 81391 -999999
-23572 -77418 -33160 -99269 24780 -36203 -16515 -53259 3118 -28376 56536 -56056 81966 98833 41702 80108 38559 -21921 -49482 24611 44808 25926 74846 88922 -64241 -38312 72423 10295 55476 -95070 -36376 -71931 -64652 -39515 -69200 87354 -1138 -74960 -38499 -55647 -80927 10647 -86583 -52568 69492 11026 -17564 54280 78800 -22988 -51299 -66740 14216 1733 -19654 -59967 88537 -5761 -38264 -48327 69548 -96926 58668 -3333 15160 -4108 -50473 -53174 -999999
-18280 -26664 -80624 33866 -24822 -87029 73064 -13001 -75659 70255 45381 2575 -64143 -49194 17346 -4946 70620 -81035 38662 -64343 70804 -65061 21395 -17965 -8050 -63809 -12884 -53156 -39914 86578 47457 54227 32675 -64909 -41224 75019 91414 6305 -64774 -59236 88079 94539 -42665 -16959 -32916 -999999
77686 -63137 3679 -28206 49885 -29723 -65877 55077 -51206 97870 -77445 12900 -39284 93827 -17889 71939 32241 -35874 22820 -23630 47884 -14774 -63602 31375 4754 -3578 -67404 43195 -25934 59464 52601 -81206 -59809 85438 84962 27476 -90501 -9617 39193 -7255 -74079 -67263 23677 36897 -95089 39443 38308 -38448 -42898 76746 -65746 -41447 75648 59754 -86777 92698 37669 7002 -8200 14661 -50742 -10102 77930 89486 1327 -39568 26041 94912 -51886 -4435 18097 -19989 -60611 -32497 38376 -57352 86825 -27025 -69832 10653 -999999
-71365 -12905 -33557 69320 -12914 -88300 88452 -90585 -5381 45359 -46805 -44333 -26647 -3562 -9548 -47398 -8744 -57032 9306 -37224 -94910 -67960 98991 -999999
-60196 -87280 3950 19023 -49285 -85905 70060 -36541 26964 35249 31469 409 47196 81865 -18477 -47604 -78002 -83219 -79631 -75518 1547 -65394 -3458 87510 80155 35571 -24730 65344 90065 59953 68922 10787 -47027 -66679 41158 40947 -11684 -60642 -3709 -75775 -94214 73809 -37149 16293 -37897 -54213 -98422 80775 72374 25798 22557 -68342 10962 41832 -96206 -8747 19804 -70850 -64025 -37954 43264 92545 65998 58517 89414 86311 -26426 -87413 60852 -25576 -15387 -48962 -59568 -58613 75729 79586 71362 -79683 5550 -10355 33688 -17842 41905 57950 -33628 -49544 51668 92811 -41792 -16084 -86046 -999999
30322 95627 41714 -4084 55786 -71363 95280 -41590 -47576 90546 64982 -16020 -999999
-18765 59963 80323 94435 10852 -96254 -62319 -61672 -55592 -58445 -24204 28324 -70639 79078 50734 -85653 1427 -72997 59661 -70453 -55709 -71321 51131 -49122 99041 -71159 -63900 13468 99135 -93541 27391 -36130 68381 -35868 90492 -51203 17923 95306 -28535 63769 -74246 37861 80960 33845 47815 -74770 37744 -55104 -68539 43030 -96506 -99729 -88098 -11661 -77225 -123 -58651 2453 26637 14772 -68077 -84681 -39187 9949 -73635 54801 -6719 89524 63854 -81654 -66714 -67841 -36986 65099 -20044 46653 32879 -84817 -13883 59811 92247 -8234 15908 -999999
46287 17241 38164 58500 -50785 -78696 47290 94740 -76029 41646 47016 -35874 24455 -12794 -32762 71916 32250 -90553 -20193 -25425 98066 74475 93317 16799 86108 -95315 70242 54393 42077 -15391 81181 -97689 -52086 -90339 -94107 -65538 -91295 27797 -64995 54305 53923 -32955 -999999
72386 -97170 -46905 32576 68297 94842 -89468 47718 10573 -24784 -58041 10856 -35457 -20638 77037 66299 10342 -86677 -43271 9188 -86268 -28252 -70268 -91649 -52008 29632 -72943 5548 43197 7237 -21185 71575 87920 92712 -92713 -67743 -75794 -1661 68741 -2448 -60420 47285 59492 97360 88128 -75626 17458 79940 76813 81493 31779 -90131 57532 63793 -41839 -11434 -28683 -79984 62928 -69798 95757 80319 10784 -41358 76170 -55673 55036 -88289 1473 -23000 52879 -44560 -14048 34101 85958 -80527 -40696 -60341 86656 52976 -61294 63983 -52766 -50195 23795 -999999
-38968 42397 12858 4005 -22506 -60837 21622 1957 -11156 68332 47220 -44512 83512 -68563 -2843 -62210 42725 49371 -15201 -61244 -85775 35583 -33350 56598 -26212 -96524 -53285 -13427 -68740 -47146 -77875 -66959 -79379 -42103 43914 99283 90278 -90205 47834 35914 41256 69239 -28205 55176 -80497 43647 61950 38552 -65077 27045 -94886 32630 65256 -58514 6394 -42550 -440 -53244 87433 -54973 42099 79134 44782 21644 35461 72590 68170 -82194 -42810 -2074 -31330 -86590 -69993 -999999
20810 -95919 -48633 5577 79984 -24758 41861 49986 -98889 -85473 14640 -68109 -26132 34300 -37749 -35757 62402 54564 -91956 48056 -35974 54890 -32045 -85601 4766 78858 34680 19417 -91481 14050 -2115 98451 -44162 -49840 75298 -45056 -17312 -10775 -62056 -12507 -21158 73170 29837 -86080 -28364 -999999
-29658 55126 -90902 -74746 13579 76184 46997 -59169 -89701 76849 -87703 12730 90945 -39697 -21993 78525 -12450 80715 12307 35737 38566 -30762 20272 -8824 -52089 -29502 -88858 21925 -27453 38347 -38346 -58201 -32865 -31424 79908 -76613 55283 71730 -11549 -78786 28770 43320 59087 -8812 53156 -13733 77780 -99416 -9217 74917 13484 -40384 25301 58241 -96251 15739 51734 -56625 84224 6058 44501 82823 58006 68873 23736 -50425 44821 -86503 -94454 -85062 95624 -95077 -84373 80167 83445 -67798 -999999
-37549 93632 -81931 4323 -78828 79085 5209 -46285 73076 20931 -54377 96969 -22466 39756 63991 -32439 1896 92600 44280 58616 87324 -25887 33522 49810 -41371 -45527 -47542 -2630 9715 3967 -50286 77388 -90934 6593 34171 15886 -92403 99259 60151 -31290 -6237 -62578 50095 93093 -67964 -29396 75550 -27359 -36382 -94912 43529 -23520 89846 -11862 -49381 31632 80037 -64536 -48608 34259 -9521 65104 26718 61592 47221 -38342 -94964 -70523 25796 -84230 98160 60368 6274 8074 40088 -66579 -999999
-77241 69876 -46238 18345 58578 -60530 99126 -38841 90903 -49880 -14265 -25168 -39382 57329 -1797 -44752 -79795 66083 27087 -66618 -83122 -11588 -77237 -3923 72333 -60202 45142 -27450 55196 -58523 -4762 -91101 -12609 -18035 34703 -43982 43090 -999999
-17091 6532 70730 -43923 29821 -52295 95635 45968 67061 41930 64281 82933 -40076 16755 -97949 -90401 39972 62715 -11495 73599 -43428 53537 55334 48491 -14254 -10011 -15368 -29251 -66514 75504 39396 45643 -57351 56672 33767 -15042 46260 -36620 68680 -5807 -78779 -15855 69657 -999999
47116 -16593 25052 6666 -95723 -8349 84481 -80387 -1306 -71031 12941 48125 -31881 52877 -51817 -97832 19329 62550 36013 21545 -66769 85392 53651 61743 2417 26901 97899 -76791 -47184 39864 9712 72720 -59748 -58451 18588 -90671 47456 34456 -70550 -39131 -58313 -29840 -91978 -95441 29592 -89008 40000 44722 -61491 63450 -89649 11468 -66142 -70136 39538 -92461 -69960 75281 -19807 -62005 9913 69108 12547 31681 -39195 -39133 -28919 -23034 57163 -50545 -91849 -6645 -36140 -999999
-20285 67414 -1158 -20830 14870 -4577 30806 96239 59247 -2999 -26346 22588 -79705 -99712 10573 -66982 -13169 45163 -8284 -72328 90165 -999999
65070 -63355 12422 -58624 -22054 3580 45581 -86909 -13183 -86447 217 90949 -45537 -10250 96829 18226 96607 -22262 -89999 80436 96399 -75937 -7658 94408 -51533 -43034 -96041 -49218 54837 79097 79339 -51379 48890 36869 67511 74064 -4721 -1326 -68337 7265 71426 81137 70173 71441 -82675 -27967 -27238 -52543 74734 -77283 17274 82144 79186 -81883 74853 -86463 -76625 -14680 14559 67415 8945 89963 -7416 39056 -18804 96153 99263 56396 38768 -23354 36770 95033 -56549 -70687 -46543 52109 50376 77174 81489 -30882 -30971 -28514 -94100 42529 -73310 7940 -44363 -999999
-24379 -27820 90697 -44149 39835 92481 29873 24237 77353 -58317 -31548 -7480 -80704 -14452 -54550 8863 -23793 10006 -1157 9741 89490 51979 -45371 -65505 -99863 -73920 -35027 25099 82883 40174 -21012 99025 21497 -8354 10875 55917 -47305 79473 98570 34166 -82347 62217 15721 59735 -29116 55320 64650 9191 23011 39043 -64355 -74778 1905 -45646 67419 -48362 93469 31222 4191 -45069 22138 -17448 -39314 -12911 87374 47610 5911 -31662 -38967 -66068 16118 25280 69139 -52530 -4974 -51187 55422 85405 -19034 52196 -78885 78492 -999999
-29653 -7960 19551 -91402 -7208 -58585 -21641 65255 -9043 -27766 9461 -42466 -5231 20810 -48803 -22909 94861 14038 -39831 82585 78111 -92695 -522 78307 -7298 -91404 -7025 -38429 78316 12731 68245 -98434 43953 -50628 -31929 -7045 -89479 -85687 -76364 -75542 86476 16759 93882 33249 -26267 71407 -28807 10146 -39758 -17823 -54246 -31336 94695 -93479 -81866 62528 -12929 48682 -12508 -30427 70225 -11514 -999999
-69821 42571 -54417 64350 13069 -75507 51336 -21982 -47798 97956 -37883 -94629 93338 33057 83266 82948 30679 -38314 -14993 26932 13783 15532 -22488 -43200 -2995 80996 -75358 40462 73999 -21272 13377 -999999
-40974 94861 6471 -15592 13585 -54104 -85400 -5002 -1683 -85238 -81479 -18293 87406 -4199 -93754 44977 4488 98252 93570 -49750 -583 32514 -89959 -17078 -19602 -58752 78050 -34815 90565 21893 -24848 50441 53166 -32948 49480 48744 -29910 41694 53996 12194 -2186 57297 31126 24831 58433 -16608 577 70260 -8104 76776 87584 6833 -67486 8829 11698 -34682 -999999
-9497 78893 -24653 -52115 81020 98839 26378 20378 -87973 -85772 -33917 -38403 85570 22682 92444 -77432 59597 19488 33963 -54986 -46708 96757 92546 -30998 85183 92876 28285 28024 -21519 -31755 77162 4860 82670 -59385 -81002 -60824 40929 -32646 9584 -41956 42255 5841 -90340 78446 -18582 -49548 -13929 16969 -999999
-96356 64898 99761 48111 -20377 45581 -64348 87589 4427 69697 -40612 49009 -99929 43881 57010 52136 -25547 -92258 -20708 -74808 42844 -10770 74007 77179 16802 35177 7456 59049 -30337 72519 81371 -76170 -75956 -89863 -94057 -69281 -21350 -80885 -64407 55980 -999999
-92878 46517 -30637 -43444 -75016 29771 -45143 -7814 39553 81837 -9851 -9662 31800 94319 32691 -54740 -83173 17911 -26734 -19201 -73055 -25884 -23413 -72009 88836 -53237 47150 -50284 78766 -999999
90986 -15729 22148 28068 -29847 8424 -44727 -48532 8518 13594 433 74302 68588 -28688 -61245 -87736 -96692 57265 -25943 93976 -39302 70583 64279 73927 -82331 -31842 -78890 -10766 -40847 28503 28076 -84572 10035 14812 15402 -97968 47048 8830 -78126 -67975 -51566 5978 90530 -66700 -47919 -74902 39297 71429 82649 94519 -16315 49703 14453 -28372 57311 81000 -59175 -50617 -412 -79312 -60868 -8280 -63688 -54942 61082 -18228 9049 -78310 87620 -12973 -999999
99159 96994 -38915 -85367 -23950 -27961 -34509 81448 61132 78511 11586 48164 23175 -16168 40034 -14932 -21525 -75015 -43276 -72927 -2008 -1757 -57205 22918 13627 99955 -79646 -56379 -13079 -60559 -5589 -24424 -63064 45065 87751 97114 86429 74148 34385 3499 74816 -66463 42260 -16199 -61220 61045 -999999
