0
7
6
2
2
0
0
5
3
6
3
6
1
1
6
2
1
16
5
21
4
5
12
0
7
0
7
8
1
0
5
5
1
4
3
5
9
1
0
7
2
0
4
11
2
5
0
0
2
0
8
7
5
1
2
8
6
1
5
0
2
8
0
0
1
6
0
0
1
2
5
2
6
4
2
0
6
2
7
3
0
3
0
4
1
6
0
6
0
7
7
2
9
14
11
5
4
5
0
4
1
5
1
11
2
2
9
5
3
6
2
5
3
0
0
5
2
11
4
8
10
0
1
10
9
3
4
1
0
0
4
3
6
3
1
3
1
8
3
0
6
1
11
6
2
4
5
7
4
2
0
11
0
0
1
6
1
6
7
14
5
4
0
1
3
4
5
0
0
0
13
8
1
1
10
4
1
0
0
1
3
4
1
11
3
2
0
1
2
1
8
6
4
0
25
0
0
5
6
3
8
1
0
18
7
2
3
9
6
2
4
3
2
1
2
4
6
0
6
1
0
1
2
14
0
2
0
8
2
1
6
3
0
3
3
1
4
6
2
2
4
3
1
1
4
6
0
0
0
1
7
0
9
3
10
7
1
1
6
1
0
7
5
11
4
7
2
1
9
4
1
0
2
0
4
4
7
1
4
7
0
6
4
0
9
2
1
1
3
1
4
4
4
9
4
3
17
8
5
10
0
3
7
0
0
4
16
7
1
7
3
4
5
4
1
4
11
4
0
2
0
13
5
1
1
7
7
7
7
3
6
4
3
1
7
1
11
2
5
7
2
6
2
2
6
5
5
0
0
13
4
2
10
3
0
1
16
0
0
0
6
6
0
6
11
0
1
3
10
0
1
16
1
6
0
0
0
16
5
8
5
0
1
0
0
4
3
0
2
0
15
2
0
0
15
0
1
7
0
7
6
6
0
0
3
1
0
4
1
0
8
0
9
0
12
14
6
3
0
0
2
6
6
4
0
1
16
6
0
0
11
7
8
1
0
3
2
1
0
0
8
1
0
0
9
0
3
3
2
13
4
5
6
0
0
11
2
0
2
2
3
4
7
0
16
1
6
0
6
9
9
3
3
1
0
8
1
2
7
1
1
3
3
11
3
6
15
0
11
8
7
5
0
5
6
0
7
9
1
5
0
1
8
6
1
9
0
3
1
7
3
3
0
4
2
2
0
0
0
7
18
0
6
0
2
2
10
17
4
0
15
9
7
9
0
0
2
2
3
2
7
7
0
3
4
7
0
0
0
4
8
0
0
8
0
1
2
0
18
7
0
0
0
0
0
6
2
1
1
0
1
2
2
1
6
6
8
1
7
3
1
5
0
1
2
0
11
3
6
8
0
2
0
2
6
0
1
9
7
0
5
2
0
4
5
1
5
13
7
4
0
11
0
0
4
3
8
7
2
3
1
8
2
6
0
5
6
3
5
7
5
5
0
0
1
1
0
6
5
0
1
6
0
0
1
9
8
12
7
6
6
0
12
5
0
4
4
0
6
4
4
3
15
1
2
12
