100
143
98
89
89
98
11
7
186
87
92
325
168
92
99
128
92
97
89
70
507
18
98
389
93
141
96
99
170
115
144
98
95
130
231
138
86
184
189
605
75
481
87
99
115
353
117
116
211
100
100
92
134
95
348
99
328
107
119
172
94
202
872
186
173
168
95
258
100
129
320
157
230
59
104
98
156
145
217
89
100
128
98
143
93
102
98
263
574
155
76
117
139
141
212
88
163
83
99
192
118
162
148
92
96
99
133
538
136
267
133
138
357
110
151
100
38
95
94
99
143
175
142
135
135
270
89
113
100
130
65
96
157
269
187
15
123
99
93
109
94
519
96
57
98
99
99
540
96
100
133
84
98
396
172
225
97
146
100
97
100
167
335
223
1567
116
278
100
128
338
166
926
116
131
99
144
412
167
540
225
96
226
99
204
693
99
181
97
94
144
141
100
146
85
96
76
156
126
176
143
80
172
280
98
87
260
95
90
243
122
186
100
138
98
132
99
164
89
91
102
156
90
524
106
84
123
99
225
99
155
93
90
179
84
100
64
170
131
85
158
111
413
96
100
100
99
287
98
639
128
137
344
99
85
135
338
77
207
99
657
102
100
100
304
267
294
99
517
92
152
100
173
171
185
112
78
445
482
100
89
521
94
195
95
324
203
111
210
141
112
170
206
243
814
105
92
283
97
69
100
638
103
100
114
97
341
193
98
106
82
143
97
213
128
126
88
88
45
715
100
139
123
102
121
88
298
1131
748
98
85
94
534
96
135
419
282
84
306
223
117
223
877
64
99
124
83
198
143
305
86
599
115
92
96
144
84
92
273
237
98
85
128
127
135
98
95
99
117
283
278
55
855
617
364
98
89
573
102
139
82
143
614
205
116
95
1374
82
97
93
81
169
76
93
84
3
62
98
98
452
1279
172
98
114
172
78
96
100
110
156
98
95
82
145
238
172
215
688
123
97
127
122
143
240
180
164
126
164
77
148
91
1530
433
95
100
386
123
154
92
94
84
41
99
100
327
100
100
199
90
98
97
131
90
90
91
158
98
229
210
138
98
97
329
199
226
94
92
128
146
95
87
538
4
97
295
97
75
818
99
93
178
98
91
67
668
622
99
122
193
8
153
169
590
155
118
207
393
165
75
97
116
126
124
199
245
102
93
100
96
342
127
100
65
98
58
98
72
95
87
98
233
100
100
371
106
247
97
243
97
201
90
314
97
77
339
123
94
667
474
124
147
257
110
126
175
98
119
131
84
97
100
114
704
93
100
49
201
637
100
220
96
89
115
134
189
90
100
96
98
128
146
149
134
100
84
180
100
94
351
269
109
159
115
92
219
189
98
157
100
90
159
114
130
164
25
96
164
118
127
779
763
197
100
99
82
91
97
94
439
98
157
113
177
187
222
175
97
161
118
84
98
94
270
376
121
206
114
73
222
113
223
122
109
248
184
100
163
99
74
791
100
95
92
96
86
135
130
95
212
84
140
89
56
199
149
165
103
146
148
149
441
167
97
182
94
147
131
