494199
46185
2987384
6104481
6161262
2943457
403228
3759134
725874
745729
7390962
4399025
2004748
0
94557
543630
3945200
46691
1127290
817424
8405220
3525687
1197601
2325187
1183545
3922421
485807
0
5504351
12839152
2026845
11665392
2663742
1937306
6605957
8090373
5865902
75564
518007
5591934
698232
90440
2073322
3662014
1462005
2065326
386614
7026232
1776906
369082
7486306
29212
6869699
1173808
11285449
8660162
2139554
930085
1065268
97097
70377
640750
4917914
2351030
1307574
2438198
1561292
4038980
1421959
3588137
6968267
3392743
2318247
9438599
6346695
10380746
1649583
1863390
119502
7182877
1654580
7512191
4158780
994005
1496397
7535525
3962855
3271923
3751761
3023826
3533623
4726911
1937617
9158605
4661987
0
2299085
10108880
6727039
5857444
