5000
100
2275 3993 1
1698 4979 1
1648 4005 1
3297 4787 1
1953 1987 2
2828 3457 2
2423 3541 1
4125 4364 1
1618 3695 2
3909 4312 1
1797 1870 1
4753 4786 1
2915 4003 1
3820 4910 2
3136 4393 1
2720 4803 2
858 2289 1
339 4608 2
2691 2820 1
4125 4515 2
242 3129 1
1294 2652 1
3235 4311 1
2918 4576 1
4656 4796 2
1816 1873 2
1155 2066 2
1723 4540 1
3976 4750 2
3168 3477 2
1586 4291 2
1366 2479 1
293 3171 2
4657 4872 1
1912 4154 2
1375 4686 1
944 1174 2
3125 3315 1
4126 4971 1
274 2669 1
166 2539 2
1449 2749 2
4229 4816 2
3700 4163 2
4628 4720 2
2435 4733 2
1914 2685 1
4728 4819 1
1208 4137 2
1300 2575 1
120 2402 2
2825 3644 1
4386 4559 1
2873 3383 1
1468 4860 1
4078 4163 1
3857 4828 1
4412 4698 2
2902 4674 1
4018 4523 2
900 1230 1
1 1520 2
3880 4274 1
4748 4933 2
3998 4143 1
1206 4639 1
4116 4342 1
2489 4076 1
2724 4044 1
1234 2517 1
686 2171 1
77 3776 2
5000 5000 1
4436 4931 2
1086 3030 1
2787 3604 2
1000 3431 2
2103 3160 2
2411 4514 2
1142 1325 1
2216 3458 2
2539 4529 2
2992 3339 2
1412 4762 1
3135 4412 1
3630 4488 1
88 4731 2
4807 4910 1
2999 4840 2
2540 4749 1
3959 4874 1
1404 1458 1
248 3035 2
4813 4835 1
4678 4748 1
1863 2150 2
3867 4572 2
1294 1650 1
2119 3291 2
4963 4996 1
