5000
3437
2463
2463
2498
3128
1255
1255
3268
3268
3194
3194
1487
2013
1792
3271
1913
3345
3345
3345
587
587
587
-5347
-5347
-5289
-4436
-4436
-3872
-3562
-1619
-1619
356
356
356
170
170
170
-2581
-4915
-2617
-2617
-2617
-2617
-2617
-2303
-2768
-2768
-1531
-2807
-1704
-2524
-2698
-2698
-11791
-11791
-11791
-11504
-16145
-15639
-15970
-15586
-15981
-15869
-15869
-22412
-22412
-22412
-22412
-22412
-28904
-25813
-25813
-25764
-27709
-27466
-25765
-25765
-25765
-25949
-25949
-25949
-25949
-29300
-29300
-29300
-25796
-25900
-25866
-28076
-31830
-31885
-31334
-31357
-31428
-31428
-31428
-31785
-31785
-31819
